## htsjdk.samtools.metrics.StringHeader
# MarkDuplicates --INPUT results/aligned/nr20.sorted.bam --OUTPUT results/aligned/nr20.dedup.bam --METRICS_FILE results/qc/dedup/nr20_dedup_metrics.txt --REMOVE_DUPLICATES false --VALIDATION_STRINGENCY LENIENT --MAX_SEQUENCES_FOR_DISK_READ_ENDS_MAP 50000 --MAX_FILE_HANDLES_FOR_READ_ENDS_MAP 8000 --SORTING_COLLECTION_SIZE_RATIO 0.25 --TAG_DUPLICATE_SET_MEMBERS false --REMOVE_SEQUENCING_DUPLICATES false --TAGGING_POLICY DontTag --CLEAR_DT true --DUPLEX_UMI false --FLOW_MODE false --FLOW_DUP_STRATEGY FLOW_QUALITY_SUM_STRATEGY --FLOW_USE_END_IN_UNPAIRED_READS false --FLOW_USE_UNPAIRED_CLIPPED_END false --FLOW_UNPAIRED_END_UNCERTAINTY 0 --FLOW_UNPAIRED_START_UNCERTAINTY 0 --FLOW_SKIP_FIRST_N_FLOWS 0 --FLOW_Q_IS_KNOWN_END false --FLOW_EFFECTIVE_QUALITY_THRESHOLD 15 --ADD_PG_TAG_TO_READS true --ASSUME_SORTED false --DUPLICATE_SCORING_STRATEGY SUM_OF_BASE_QUALITIES --PROGRAM_RECORD_ID MarkDuplicates --PROGRAM_GROUP_NAME MarkDuplicates --READ_NAME_REGEX <optimized capture of last three ':' separated fields as numeric values> --OPTICAL_DUPLICATE_PIXEL_DISTANCE 100 --MAX_OPTICAL_DUPLICATE_SET_SIZE 300000 --VERBOSITY INFO --QUIET false --COMPRESSION_LEVEL 5 --MAX_RECORDS_IN_RAM 500000 --CREATE_INDEX false --CREATE_MD5_FILE false --help false --version false --showHidden false --USE_JDK_DEFLATER false --USE_JDK_INFLATER false
## htsjdk.samtools.metrics.StringHeader
# Started on: Fri Mar 06 09:55:36 CET 2026

## METRICS CLASS	picard.sam.DuplicationMetrics
LIBRARY	UNPAIRED_READS_EXAMINED	READ_PAIRS_EXAMINED	SECONDARY_OR_SUPPLEMENTARY_RDS	UNMAPPED_READS	UNPAIRED_READ_DUPLICATES	READ_PAIR_DUPLICATES	READ_PAIR_OPTICAL_DUPLICATES	PERCENT_DUPLICATION	ESTIMATED_LIBRARY_SIZE
nr20	117859	32203276	1034319	1439361	80513	10353611	8511731	0.322169	144364602

## HISTOGRAM	java.lang.Double
BIN	CoverageMult	all_sets	optical_sets	non_optical_sets
1.0	1.321042	15643331	0	20236196
2.0	2.377954	3954059	3244025	1533283
3.0	3.223546	1296612	1085573	54220
4.0	3.900071	515811	440710	8291
5.0	4.441331	227472	194313	4299
6.0	4.874371	105362	88442	3009
7.0	5.220829	51238	41810	2221
8.0	5.498016	25575	19844	1704
9.0	5.719782	13104	9485	1329
10.0	5.897208	6801	4584	985
11.0	6.039159	3744	2184	806
12.0	6.152729	1994	1105	574
13.0	6.243592	1268	527	454
14.0	6.316287	764	281	343
15.0	6.374448	432	117	219
16.0	6.42098	307	74	207
17.0	6.458208	213	22	160
18.0	6.487993	167	16	127
19.0	6.511823	138	9	98
20.0	6.530888	93	10	74
21.0	6.546141	84	6	70
22.0	6.558345	71	1	56
23.0	6.568108	61	3	43
24.0	6.57592	56	0	50
25.0	6.582169	43	2	41
26.0	6.587169	52	0	42
27.0	6.59117	43	1	39
28.0	6.59437	34	0	35
29.0	6.596931	32	0	32
30.0	6.598979	29	1	23
31.0	6.600618	29	0	25
32.0	6.60193	19	0	23
33.0	6.602979	21	0	18
34.0	6.603818	17	0	19
35.0	6.60449	22	0	20
36.0	6.605027	24	0	20
37.0	6.605457	19	0	16
38.0	6.605801	18	0	19
39.0	6.606076	17	0	17
40.0	6.606296	17	0	10
41.0	6.606472	12	0	12
42.0	6.606613	14	0	9
43.0	6.606726	14	0	15
44.0	6.606816	11	0	15
45.0	6.606888	15	0	11
46.0	6.606946	16	0	13
47.0	6.606992	9	0	10
48.0	6.607029	14	0	12
49.0	6.607059	5	0	4
50.0	6.607082	10	0	10
51.0	6.607101	10	0	13
52.0	6.607116	7	0	5
53.0	6.607128	10	0	9
54.0	6.607138	8	0	5
55.0	6.607146	8	0	7
56.0	6.607152	12	0	8
57.0	6.607157	8	0	8
58.0	6.607161	9	0	9
59.0	6.607164	4	1	6
60.0	6.607167	7	0	8
61.0	6.607169	6	0	3
62.0	6.60717	11	0	10
63.0	6.607172	5	0	6
64.0	6.607173	6	0	6
65.0	6.607174	5	0	7
66.0	6.607174	6	0	3
67.0	6.607175	4	0	5
68.0	6.607175	5	0	4
69.0	6.607176	3	0	2
70.0	6.607176	3	0	4
71.0	6.607176	5	0	5
72.0	6.607176	1	0	2
73.0	6.607176	6	0	5
74.0	6.607176	3	0	6
75.0	6.607177	8	0	5
76.0	6.607177	5	0	3
77.0	6.607177	3	0	4
78.0	6.607177	6	0	6
79.0	6.607177	2	0	2
80.0	6.607177	2	0	4
81.0	6.607177	2	0	2
82.0	6.607177	5	0	5
83.0	6.607177	2	0	0
84.0	6.607177	5	0	6
85.0	6.607177	6	0	3
86.0	6.607177	2	0	3
87.0	6.607177	1	0	3
88.0	6.607177	3	0	2
89.0	6.607177	3	0	3
90.0	6.607177	1	0	1
91.0	6.607177	2	0	4
92.0	6.607177	1	0	0
93.0	6.607177	0	0	0
94.0	6.607177	1	0	0
95.0	6.607177	1	0	0
96.0	6.607177	2	0	1
97.0	6.607177	1	0	1
98.0	6.607177	2	0	1
99.0	6.607177	0	0	0
100.0	6.607177	2	0	2
101.0	0	2	0	1
102.0	0	3	0	4
103.0	0	2	0	1
107.0	0	3	0	3
108.0	0	2	0	2
109.0	0	2	0	2
110.0	0	2	0	2
111.0	0	0	0	2
112.0	0	1	0	1
113.0	0	1	0	1
114.0	0	1	0	0
115.0	0	1	0	3
116.0	0	2	0	2
117.0	0	5	0	3
118.0	0	1	0	0
120.0	0	0	0	2
121.0	0	3	0	2
122.0	0	1	0	2
123.0	0	2	0	2
124.0	0	1	0	1
125.0	0	1	0	1
126.0	0	2	0	1
127.0	0	1	0	0
128.0	0	1	0	2
130.0	0	1	0	2
133.0	0	2	0	2
136.0	0	1	0	1
137.0	0	2	0	1
138.0	0	0	0	2
139.0	0	1	0	3
140.0	0	1	0	1
141.0	0	4	0	0
142.0	0	0	0	1
143.0	0	3	0	1
145.0	0	0	0	2
146.0	0	1	0	0
147.0	0	1	0	2
148.0	0	1	0	0
150.0	0	1	0	0
155.0	0	0	0	1
156.0	0	1	0	0
157.0	0	0	0	1
158.0	0	1	0	0
163.0	0	0	0	1
166.0	0	2	0	2
167.0	0	1	0	1
168.0	0	0	0	4
169.0	0	2	0	0
170.0	0	2	0	0
171.0	0	0	0	2
172.0	0	1	0	1
173.0	0	1	0	1
174.0	0	1	0	0
175.0	0	1	0	1
176.0	0	2	0	1
179.0	0	0	0	1
180.0	0	1	0	0
186.0	0	1	0	1
188.0	0	0	0	1
189.0	0	1	0	1
190.0	0	1	0	0
191.0	0	0	0	1
192.0	0	0	0	1
193.0	0	1	0	0
196.0	0	2	0	0
197.0	0	1	0	1
198.0	0	1	0	0
204.0	0	0	0	1
205.0	0	1	0	0
207.0	0	0	0	1
208.0	0	1	0	0
210.0	0	0	0	1
211.0	0	1	0	0
216.0	0	0	0	1
217.0	0	1	0	0
218.0	0	0	0	1
222.0	0	2	0	2
225.0	0	0	0	1
226.0	0	1	0	0
227.0	0	1	0	0
229.0	0	0	0	1
230.0	0	0	0	1
232.0	0	1	0	0
234.0	0	1	0	0
235.0	0	1	0	2
236.0	0	0	0	1
238.0	0	1	0	0
239.0	0	1	0	1
240.0	0	1	0	0
243.0	0	1	0	1
245.0	0	2	0	2
247.0	0	0	0	2
249.0	0	2	0	0
257.0	0	0	0	1
259.0	0	1	0	0
261.0	0	0	0	3
262.0	0	1	0	0
263.0	0	1	0	0
264.0	0	1	0	0
265.0	0	0	0	1
266.0	0	1	0	1
268.0	0	1	0	0
270.0	0	0	0	1
273.0	0	1	0	0
278.0	0	0	0	1
282.0	0	1	0	0
285.0	0	0	0	1
287.0	0	1	0	2
291.0	0	2	0	0
295.0	0	0	0	1
297.0	0	1	0	0
302.0	0	0	0	1
303.0	0	0	0	1
305.0	0	1	0	0
306.0	0	1	0	0
308.0	0	0	0	1
310.0	0	1	0	1
313.0	0	1	0	0
315.0	0	0	0	2
318.0	0	1	0	0
320.0	0	1	0	0
322.0	0	0	0	1
323.0	0	1	0	0
324.0	0	1	0	1
329.0	0	0	0	1
331.0	0	1	0	0
334.0	0	0	0	2
338.0	0	1	0	0
339.0	0	0	0	1
340.0	0	1	0	0
343.0	0	0	0	2
344.0	0	1	0	0
346.0	0	2	0	0
357.0	0	0	0	1
358.0	0	1	0	0
406.0	0	0	0	1
413.0	0	1	0	0
427.0	0	0	0	1
428.0	0	0	0	1
432.0	0	2	0	0

