## htsjdk.samtools.metrics.StringHeader
# MarkDuplicates --INPUT results/aligned/nr49.sorted.bam --OUTPUT results/aligned/nr49.dedup.bam --METRICS_FILE results/qc/dedup/nr49_dedup_metrics.txt --REMOVE_DUPLICATES false --VALIDATION_STRINGENCY LENIENT --MAX_SEQUENCES_FOR_DISK_READ_ENDS_MAP 50000 --MAX_FILE_HANDLES_FOR_READ_ENDS_MAP 8000 --SORTING_COLLECTION_SIZE_RATIO 0.25 --TAG_DUPLICATE_SET_MEMBERS false --REMOVE_SEQUENCING_DUPLICATES false --TAGGING_POLICY DontTag --CLEAR_DT true --DUPLEX_UMI false --FLOW_MODE false --FLOW_DUP_STRATEGY FLOW_QUALITY_SUM_STRATEGY --FLOW_USE_END_IN_UNPAIRED_READS false --FLOW_USE_UNPAIRED_CLIPPED_END false --FLOW_UNPAIRED_END_UNCERTAINTY 0 --FLOW_UNPAIRED_START_UNCERTAINTY 0 --FLOW_SKIP_FIRST_N_FLOWS 0 --FLOW_Q_IS_KNOWN_END false --FLOW_EFFECTIVE_QUALITY_THRESHOLD 15 --ADD_PG_TAG_TO_READS true --ASSUME_SORTED false --DUPLICATE_SCORING_STRATEGY SUM_OF_BASE_QUALITIES --PROGRAM_RECORD_ID MarkDuplicates --PROGRAM_GROUP_NAME MarkDuplicates --READ_NAME_REGEX <optimized capture of last three ':' separated fields as numeric values> --OPTICAL_DUPLICATE_PIXEL_DISTANCE 100 --MAX_OPTICAL_DUPLICATE_SET_SIZE 300000 --VERBOSITY INFO --QUIET false --COMPRESSION_LEVEL 5 --MAX_RECORDS_IN_RAM 500000 --CREATE_INDEX false --CREATE_MD5_FILE false --help false --version false --showHidden false --USE_JDK_DEFLATER false --USE_JDK_INFLATER false
## htsjdk.samtools.metrics.StringHeader
# Started on: Thu Mar 05 21:37:17 CET 2026

## METRICS CLASS	picard.sam.DuplicationMetrics
LIBRARY	UNPAIRED_READS_EXAMINED	READ_PAIRS_EXAMINED	SECONDARY_OR_SUPPLEMENTARY_RDS	UNMAPPED_READS	UNPAIRED_READ_DUPLICATES	READ_PAIR_DUPLICATES	READ_PAIR_OPTICAL_DUPLICATES	PERCENT_DUPLICATION	ESTIMATED_LIBRARY_SIZE
nr49	171813	40223309	1514298	1215187	118738	14582165	12149257	0.36323	152477623

## HISTOGRAM	java.lang.Double
BIN	CoverageMult	all_sets	optical_sets	non_optical_sets
1.0	1.378846	17488465	0	23605247
2.0	2.437978	4910471	4149877	1904563
3.0	3.251527	1757549	1485893	81701
4.0	3.876437	748882	643380	16163
5.0	4.356449	353442	304611	8792
6.0	4.725159	176689	150769	5891
7.0	5.008376	91548	75841	4226
8.0	5.225924	48529	39363	2898
9.0	5.393028	26555	20467	2219
10.0	5.521385	14684	10559	1651
11.0	5.61998	8125	5575	1210
12.0	5.695714	4849	2928	945
13.0	5.753887	2780	1488	699
14.0	5.798572	1790	872	565
15.0	5.832895	1164	481	451
16.0	5.85926	836	244	429
17.0	5.879512	540	152	314
18.0	5.895068	452	88	285
19.0	5.907016	386	50	251
20.0	5.916195	315	31	221
21.0	5.923245	263	21	219
22.0	5.92866	247	20	151
23.0	5.93282	188	10	160
24.0	5.936015	165	8	143
25.0	5.938469	159	6	120
26.0	5.940355	146	0	117
27.0	5.941803	127	2	98
28.0	5.942915	108	3	89
29.0	5.943769	102	4	78
30.0	5.944426	95	3	64
31.0	5.94493	87	4	63
32.0	5.945317	74	2	61
33.0	5.945615	80	2	58
34.0	5.945843	55	2	41
35.0	5.946018	53	2	37
36.0	5.946153	55	4	39
37.0	5.946257	55	4	25
38.0	5.946336	42	0	43
39.0	5.946397	48	1	42
40.0	5.946444	38	0	26
41.0	5.94648	21	0	24
42.0	5.946508	44	2	30
43.0	5.946529	24	2	27
44.0	5.946546	26	0	23
45.0	5.946558	29	0	24
46.0	5.946568	31	0	19
47.0	5.946575	24	0	28
48.0	5.946581	26	0	20
49.0	5.946585	33	0	18
50.0	5.946589	21	1	18
51.0	5.946591	22	0	21
52.0	5.946593	25	0	19
53.0	5.946595	21	0	18
54.0	5.946596	14	0	22
55.0	5.946597	22	0	16
56.0	5.946598	15	0	6
57.0	5.946598	20	0	19
58.0	5.946599	21	0	14
59.0	5.946599	13	0	16
60.0	5.946599	17	0	13
61.0	5.946599	13	0	4
62.0	5.946599	19	0	7
63.0	5.946599	7	0	3
64.0	5.9466	14	0	10
65.0	5.9466	5	0	12
66.0	5.9466	6	1	4
67.0	5.9466	12	0	5
68.0	5.9466	5	0	6
69.0	5.9466	9	0	7
70.0	5.9466	8	0	6
71.0	5.9466	4	0	7
72.0	5.9466	9	0	12
73.0	5.9466	4	0	5
74.0	5.9466	10	1	5
75.0	5.9466	4	0	3
76.0	5.9466	10	1	8
77.0	5.9466	5	0	2
78.0	5.9466	5	0	6
79.0	5.9466	8	0	3
80.0	5.9466	3	0	3
81.0	5.9466	9	0	9
82.0	5.9466	7	0	1
83.0	5.9466	7	0	8
84.0	5.9466	5	0	8
85.0	5.9466	2	0	4
86.0	5.9466	6	0	2
87.0	5.9466	2	0	2
88.0	5.9466	2	0	5
89.0	5.9466	3	0	2
90.0	5.9466	7	0	3
91.0	5.9466	3	0	3
92.0	5.9466	4	0	3
93.0	5.9466	6	0	4
94.0	5.9466	9	0	3
95.0	5.9466	3	0	1
96.0	5.9466	5	0	5
97.0	5.9466	4	0	1
98.0	5.9466	1	0	2
99.0	5.9466	2	0	3
100.0	5.9466	2	0	1
101.0	0	1	0	3
102.0	0	2	0	0
103.0	0	1	0	0
104.0	0	2	0	2
105.0	0	1	0	2
106.0	0	5	0	6
107.0	0	3	0	1
108.0	0	3	0	3
109.0	0	4	0	2
110.0	0	1	0	4
111.0	0	3	0	3
112.0	0	1	0	2
113.0	0	6	0	0
114.0	0	1	0	1
115.0	0	3	0	2
117.0	0	1	0	3
118.0	0	1	0	2
119.0	0	4	0	2
120.0	0	3	0	3
121.0	0	1	0	1
122.0	0	3	0	4
123.0	0	1	0	1
124.0	0	1	0	0
125.0	0	1	0	2
126.0	0	1	0	3
127.0	0	4	0	3
128.0	0	1	0	5
129.0	0	3	0	1
130.0	0	1	0	1
131.0	0	3	0	1
132.0	0	2	0	1
133.0	0	1	0	0
134.0	0	2	0	4
135.0	0	2	0	5
136.0	0	3	0	1
137.0	0	4	0	1
138.0	0	3	0	3
139.0	0	1	0	1
140.0	0	3	0	2
141.0	0	0	0	1
142.0	0	1	0	0
143.0	0	2	0	1
144.0	0	3	0	0
145.0	0	1	0	0
146.0	0	0	0	2
147.0	0	1	0	1
148.0	0	0	0	1
149.0	0	3	0	3
150.0	0	3	0	0
151.0	0	0	0	2
152.0	0	0	0	1
153.0	0	1	0	3
154.0	0	1	0	0
155.0	0	2	0	2
156.0	0	1	0	1
157.0	0	0	0	2
158.0	0	1	0	0
159.0	0	2	0	1
160.0	0	1	0	0
161.0	0	1	0	3
162.0	0	1	0	1
163.0	0	1	0	0
164.0	0	1	0	1
165.0	0	0	0	1
166.0	0	1	0	0
167.0	0	3	0	1
168.0	0	2	0	1
169.0	0	1	0	0
170.0	0	4	0	1
171.0	0	1	0	0
172.0	0	1	0	0
175.0	0	1	0	0
176.0	0	0	0	2
177.0	0	1	0	2
179.0	0	1	0	0
181.0	0	1	0	1
182.0	0	0	0	2
183.0	0	2	0	1
185.0	0	1	0	0
186.0	0	2	0	1
188.0	0	0	0	2
190.0	0	0	0	1
191.0	0	1	0	0
193.0	0	1	0	1
194.0	0	2	0	0
195.0	0	0	0	2
197.0	0	1	0	0
198.0	0	1	0	0
199.0	0	1	0	2
200.0	0	1	0	2
201.0	0	1	0	0
202.0	0	2	0	0
203.0	0	0	0	2
205.0	0	1	0	1
206.0	0	2	0	0
207.0	0	0	0	1
208.0	0	0	0	3
209.0	0	0	0	1
210.0	0	2	0	0
211.0	0	1	0	0
212.0	0	2	0	1
214.0	0	0	0	2
216.0	0	1	0	0
217.0	0	0	0	1
218.0	0	1	0	0
219.0	0	1	0	0
220.0	0	1	0	1
222.0	0	2	0	0
225.0	0	1	0	1
226.0	0	1	0	0
228.0	0	0	0	1
229.0	0	1	0	0
230.0	0	0	0	1
234.0	0	1	0	0
235.0	0	0	0	1
237.0	0	0	0	1
238.0	0	1	0	0
239.0	0	1	0	0
240.0	0	1	0	3
244.0	0	1	0	0
245.0	0	1	0	1
249.0	0	0	0	1
250.0	0	2	0	0
254.0	0	0	0	3
258.0	0	1	0	0
260.0	0	1	0	0
261.0	0	0	0	1
265.0	0	1	0	0
268.0	0	1	0	0
269.0	0	1	0	0
272.0	0	1	0	0
278.0	0	0	0	1
279.0	0	0	0	1
282.0	0	1	0	0
283.0	0	1	0	0
294.0	0	0	0	2
295.0	0	1	0	1
299.0	0	1	0	0
307.0	0	1	0	0
330.0	0	0	0	1
331.0	0	1	0	0
335.0	0	1	0	0
353.0	0	0	0	1
377.0	0	1	0	0
393.0	0	0	0	1
398.0	0	1	0	0
411.0	0	0	0	1
417.0	0	1	0	0

