1	128	0.00
1	127	0.00
1	126	0.00
1	125	0.00
1	124	0.00
1	123	0.00
1	122	0.00
1	121	0.00
1	120	0.00
1	119	0.00
1	118	0.00
1	117	0.00
1	116	0.00
1	115	0.00
1	114	0.00
1	113	0.00
1	112	0.00
1	111	0.00
1	110	0.00
1	109	0.00
1	108	0.00
1	107	0.00
1	106	0.00
1	105	0.00
1	104	0.00
1	103	0.00
1	102	0.00
1	101	0.00
1	100	0.00
1	99	0.00
1	98	0.00
1	97	0.00
1	96	0.00
1	95	0.00
1	94	0.00
1	93	0.00
1	92	0.00
1	91	0.00
1	90	0.00
1	89	0.00
1	88	0.00
1	87	0.00
1	86	0.00
1	85	0.00
1	84	0.00
1	83	0.00
1	82	0.00
1	81	0.00
1	80	0.00
1	79	0.00
1	78	0.00
1	77	0.00
1	76	0.00
1	75	0.00
1	74	0.00
1	73	0.00
1	72	0.00
1	71	0.00
1	70	0.00
1	69	0.00
1	68	0.00
1	67	0.00
1	66	0.00
1	65	0.00
1	64	0.00
1	63	0.00
1	62	0.00
1	61	0.00
1	60	0.00
1	59	0.00
1	58	0.00
1	57	0.00
1	56	0.00
1	55	0.00
1	54	0.00
1	53	0.00
1	52	0.00
1	51	0.00
1	50	0.00
1	49	0.00
1	48	0.00
1	47	0.00
1	46	0.00
1	45	0.00
1	44	0.00
1	43	0.00
1	42	0.00
1	41	0.00
1	40	0.00
1	39	0.00
1	38	0.00
1	37	0.00
1	36	0.00
1	35	0.00
1	34	0.00
1	33	0.00
1	32	0.00
1	31	0.00
1	30	0.00
1	29	0.00
1	28	0.00
1	27	0.00
1	26	0.00
1	25	0.00
1	24	0.00
1	23	0.00
1	22	0.00
1	21	0.00
1	20	0.00
1	19	0.00
1	18	0.00
1	17	0.00
1	16	0.00
1	15	0.00
1	14	0.00
1	13	0.00
1	12	0.00
1	11	0.00
1	10	0.01
1	9	0.01
1	8	0.02
1	7	0.05
1	6	0.10
1	5	0.19
1	4	0.34
1	3	0.54
1	2	0.75
1	1	0.92
1	0	1.00
NW_024396975.1	381	0.00
NW_024396975.1	378	0.00
NW_024396975.1	377	0.00
NW_024396975.1	376	0.00
NW_024396975.1	374	0.00
NW_024396975.1	373	0.00
NW_024396975.1	372	0.00
NW_024396975.1	371	0.00
NW_024396975.1	370	0.00
NW_024396975.1	369	0.00
NW_024396975.1	368	0.00
NW_024396975.1	367	0.00
NW_024396975.1	366	0.00
NW_024396975.1	365	0.00
NW_024396975.1	364	0.00
NW_024396975.1	363	0.00
NW_024396975.1	362	0.00
NW_024396975.1	361	0.00
NW_024396975.1	360	0.00
NW_024396975.1	359	0.00
NW_024396975.1	358	0.00
NW_024396975.1	357	0.00
NW_024396975.1	356	0.00
NW_024396975.1	355	0.00
NW_024396975.1	354	0.00
NW_024396975.1	353	0.00
NW_024396975.1	352	0.00
NW_024396975.1	351	0.00
NW_024396975.1	350	0.00
NW_024396975.1	349	0.00
NW_024396975.1	348	0.00
NW_024396975.1	347	0.00
NW_024396975.1	346	0.00
NW_024396975.1	345	0.00
NW_024396975.1	344	0.00
NW_024396975.1	343	0.00
NW_024396975.1	342	0.00
NW_024396975.1	341	0.00
NW_024396975.1	340	0.00
NW_024396975.1	339	0.00
NW_024396975.1	338	0.00
NW_024396975.1	337	0.00
NW_024396975.1	336	0.00
NW_024396975.1	335	0.00
NW_024396975.1	334	0.00
NW_024396975.1	333	0.00
NW_024396975.1	332	0.00
NW_024396975.1	330	0.00
NW_024396975.1	329	0.00
NW_024396975.1	328	0.00
NW_024396975.1	327	0.00
NW_024396975.1	326	0.00
NW_024396975.1	325	0.00
NW_024396975.1	324	0.00
NW_024396975.1	323	0.00
NW_024396975.1	322	0.00
NW_024396975.1	321	0.00
NW_024396975.1	320	0.00
NW_024396975.1	319	0.00
NW_024396975.1	318	0.00
NW_024396975.1	317	0.00
NW_024396975.1	316	0.00
NW_024396975.1	315	0.00
NW_024396975.1	314	0.00
NW_024396975.1	313	0.00
NW_024396975.1	312	0.00
NW_024396975.1	311	0.00
NW_024396975.1	310	0.00
NW_024396975.1	309	0.00
NW_024396975.1	308	0.00
NW_024396975.1	307	0.00
NW_024396975.1	306	0.00
NW_024396975.1	305	0.00
NW_024396975.1	304	0.00
NW_024396975.1	303	0.00
NW_024396975.1	302	0.00
NW_024396975.1	301	0.00
NW_024396975.1	300	0.00
NW_024396975.1	299	0.00
NW_024396975.1	298	0.00
NW_024396975.1	297	0.00
NW_024396975.1	296	0.00
NW_024396975.1	295	0.00
NW_024396975.1	294	0.00
NW_024396975.1	293	0.00
NW_024396975.1	292	0.00
NW_024396975.1	291	0.00
NW_024396975.1	290	0.00
NW_024396975.1	289	0.00
NW_024396975.1	288	0.00
NW_024396975.1	287	0.00
NW_024396975.1	286	0.00
NW_024396975.1	285	0.00
NW_024396975.1	284	0.00
NW_024396975.1	283	0.00
NW_024396975.1	282	0.00
NW_024396975.1	281	0.00
NW_024396975.1	280	0.00
NW_024396975.1	279	0.00
NW_024396975.1	278	0.00
NW_024396975.1	277	0.00
NW_024396975.1	276	0.00
NW_024396975.1	275	0.00
NW_024396975.1	274	0.00
NW_024396975.1	273	0.00
NW_024396975.1	272	0.00
NW_024396975.1	271	0.00
NW_024396975.1	270	0.00
NW_024396975.1	269	0.00
NW_024396975.1	268	0.00
NW_024396975.1	267	0.00
NW_024396975.1	266	0.00
NW_024396975.1	265	0.00
NW_024396975.1	264	0.00
NW_024396975.1	263	0.00
NW_024396975.1	262	0.00
NW_024396975.1	261	0.00
NW_024396975.1	260	0.00
NW_024396975.1	259	0.00
NW_024396975.1	258	0.00
NW_024396975.1	257	0.00
NW_024396975.1	256	0.00
NW_024396975.1	255	0.00
NW_024396975.1	254	0.00
NW_024396975.1	253	0.00
NW_024396975.1	252	0.00
NW_024396975.1	251	0.00
NW_024396975.1	250	0.00
NW_024396975.1	249	0.00
NW_024396975.1	248	0.00
NW_024396975.1	247	0.00
NW_024396975.1	246	0.00
NW_024396975.1	245	0.00
NW_024396975.1	244	0.00
NW_024396975.1	243	0.00
NW_024396975.1	242	0.00
NW_024396975.1	241	0.00
NW_024396975.1	240	0.00
NW_024396975.1	239	0.00
NW_024396975.1	238	0.00
NW_024396975.1	237	0.00
NW_024396975.1	236	0.00
NW_024396975.1	235	0.00
NW_024396975.1	234	0.00
NW_024396975.1	233	0.00
NW_024396975.1	232	0.00
NW_024396975.1	231	0.00
NW_024396975.1	230	0.00
NW_024396975.1	229	0.00
NW_024396975.1	228	0.00
NW_024396975.1	227	0.00
NW_024396975.1	226	0.00
NW_024396975.1	225	0.00
NW_024396975.1	224	0.00
NW_024396975.1	223	0.00
NW_024396975.1	222	0.00
NW_024396975.1	221	0.00
NW_024396975.1	220	0.00
NW_024396975.1	219	0.00
NW_024396975.1	218	0.00
NW_024396975.1	217	0.00
NW_024396975.1	216	0.00
NW_024396975.1	215	0.00
NW_024396975.1	214	0.00
NW_024396975.1	213	0.00
NW_024396975.1	212	0.00
NW_024396975.1	211	0.00
NW_024396975.1	210	0.00
NW_024396975.1	209	0.00
NW_024396975.1	208	0.00
NW_024396975.1	207	0.00
NW_024396975.1	206	0.00
NW_024396975.1	205	0.00
NW_024396975.1	204	0.00
NW_024396975.1	203	0.00
NW_024396975.1	202	0.00
NW_024396975.1	201	0.00
NW_024396975.1	200	0.00
NW_024396975.1	199	0.00
NW_024396975.1	198	0.00
NW_024396975.1	197	0.00
NW_024396975.1	196	0.00
NW_024396975.1	195	0.00
NW_024396975.1	194	0.00
NW_024396975.1	193	0.00
NW_024396975.1	192	0.00
NW_024396975.1	191	0.00
NW_024396975.1	190	0.00
NW_024396975.1	189	0.00
NW_024396975.1	188	0.00
NW_024396975.1	187	0.00
NW_024396975.1	186	0.00
NW_024396975.1	185	0.00
NW_024396975.1	184	0.00
NW_024396975.1	183	0.00
NW_024396975.1	182	0.00
NW_024396975.1	181	0.00
NW_024396975.1	180	0.00
NW_024396975.1	179	0.00
NW_024396975.1	178	0.00
NW_024396975.1	177	0.00
NW_024396975.1	176	0.00
NW_024396975.1	175	0.00
NW_024396975.1	174	0.00
NW_024396975.1	173	0.00
NW_024396975.1	172	0.00
NW_024396975.1	171	0.00
NW_024396975.1	170	0.00
NW_024396975.1	169	0.00
NW_024396975.1	168	0.00
NW_024396975.1	167	0.00
NW_024396975.1	166	0.00
NW_024396975.1	165	0.00
NW_024396975.1	164	0.00
NW_024396975.1	163	0.00
NW_024396975.1	162	0.00
NW_024396975.1	161	0.00
NW_024396975.1	160	0.00
NW_024396975.1	159	0.00
NW_024396975.1	158	0.00
NW_024396975.1	157	0.00
NW_024396975.1	156	0.00
NW_024396975.1	155	0.00
NW_024396975.1	154	0.00
NW_024396975.1	153	0.00
NW_024396975.1	152	0.00
NW_024396975.1	151	0.00
NW_024396975.1	150	0.00
NW_024396975.1	149	0.00
NW_024396975.1	148	0.00
NW_024396975.1	147	0.00
NW_024396975.1	146	0.00
NW_024396975.1	145	0.00
NW_024396975.1	144	0.00
NW_024396975.1	143	0.00
NW_024396975.1	142	0.00
NW_024396975.1	141	0.00
NW_024396975.1	140	0.00
NW_024396975.1	139	0.00
NW_024396975.1	138	0.00
NW_024396975.1	137	0.00
NW_024396975.1	136	0.00
NW_024396975.1	135	0.00
NW_024396975.1	134	0.00
NW_024396975.1	133	0.00
NW_024396975.1	132	0.00
NW_024396975.1	131	0.00
NW_024396975.1	130	0.00
NW_024396975.1	129	0.00
NW_024396975.1	128	0.00
NW_024396975.1	127	0.00
NW_024396975.1	126	0.00
NW_024396975.1	125	0.00
NW_024396975.1	124	0.00
NW_024396975.1	123	0.00
NW_024396975.1	122	0.00
NW_024396975.1	121	0.00
NW_024396975.1	120	0.00
NW_024396975.1	119	0.00
NW_024396975.1	118	0.00
NW_024396975.1	117	0.00
NW_024396975.1	116	0.00
NW_024396975.1	115	0.00
NW_024396975.1	114	0.00
NW_024396975.1	113	0.00
NW_024396975.1	112	0.00
NW_024396975.1	111	0.00
NW_024396975.1	110	0.00
NW_024396975.1	109	0.00
NW_024396975.1	108	0.00
NW_024396975.1	107	0.00
NW_024396975.1	106	0.00
NW_024396975.1	105	0.00
NW_024396975.1	104	0.00
NW_024396975.1	103	0.00
NW_024396975.1	102	0.00
NW_024396975.1	101	0.00
NW_024396975.1	100	0.00
NW_024396975.1	99	0.00
NW_024396975.1	98	0.00
NW_024396975.1	97	0.00
NW_024396975.1	96	0.00
NW_024396975.1	95	0.00
NW_024396975.1	94	0.00
NW_024396975.1	93	0.00
NW_024396975.1	92	0.00
NW_024396975.1	91	0.00
NW_024396975.1	90	0.00
NW_024396975.1	89	0.00
NW_024396975.1	88	0.00
NW_024396975.1	87	0.00
NW_024396975.1	86	0.00
NW_024396975.1	85	0.00
NW_024396975.1	84	0.00
NW_024396975.1	83	0.00
NW_024396975.1	82	0.00
NW_024396975.1	81	0.00
NW_024396975.1	80	0.00
NW_024396975.1	79	0.00
NW_024396975.1	78	0.00
NW_024396975.1	77	0.00
NW_024396975.1	76	0.00
NW_024396975.1	75	0.00
NW_024396975.1	74	0.00
NW_024396975.1	73	0.00
NW_024396975.1	72	0.00
NW_024396975.1	71	0.00
NW_024396975.1	70	0.00
NW_024396975.1	69	0.00
NW_024396975.1	68	0.00
NW_024396975.1	67	0.00
NW_024396975.1	66	0.00
NW_024396975.1	65	0.00
NW_024396975.1	64	0.00
NW_024396975.1	63	0.01
NW_024396975.1	62	0.01
NW_024396975.1	61	0.01
NW_024396975.1	60	0.01
NW_024396975.1	59	0.01
NW_024396975.1	58	0.01
NW_024396975.1	57	0.01
NW_024396975.1	56	0.01
NW_024396975.1	55	0.01
NW_024396975.1	54	0.01
NW_024396975.1	53	0.01
NW_024396975.1	52	0.01
NW_024396975.1	51	0.01
NW_024396975.1	50	0.01
NW_024396975.1	49	0.01
NW_024396975.1	48	0.01
NW_024396975.1	47	0.01
NW_024396975.1	46	0.01
NW_024396975.1	45	0.01
NW_024396975.1	44	0.01
NW_024396975.1	43	0.01
NW_024396975.1	42	0.01
NW_024396975.1	41	0.01
NW_024396975.1	40	0.01
NW_024396975.1	39	0.01
NW_024396975.1	38	0.01
NW_024396975.1	37	0.01
NW_024396975.1	36	0.01
NW_024396975.1	35	0.01
NW_024396975.1	34	0.01
NW_024396975.1	33	0.01
NW_024396975.1	32	0.01
NW_024396975.1	31	0.01
NW_024396975.1	30	0.01
NW_024396975.1	29	0.01
NW_024396975.1	28	0.02
NW_024396975.1	27	0.02
NW_024396975.1	26	0.02
NW_024396975.1	25	0.02
NW_024396975.1	24	0.02
NW_024396975.1	23	0.02
NW_024396975.1	22	0.02
NW_024396975.1	21	0.02
NW_024396975.1	20	0.02
NW_024396975.1	19	0.02
NW_024396975.1	18	0.02
NW_024396975.1	17	0.02
NW_024396975.1	16	0.03
NW_024396975.1	15	0.03
NW_024396975.1	14	0.03
NW_024396975.1	13	0.03
NW_024396975.1	12	0.03
NW_024396975.1	11	0.04
NW_024396975.1	10	0.04
NW_024396975.1	9	0.05
NW_024396975.1	8	0.06
NW_024396975.1	7	0.07
NW_024396975.1	6	0.11
NW_024396975.1	5	0.15
NW_024396975.1	4	0.23
NW_024396975.1	3	0.33
NW_024396975.1	2	0.45
NW_024396975.1	1	0.62
NW_024396975.1	0	1.00
NW_024396976.1	11	0.00
NW_024396976.1	10	0.01
NW_024396976.1	9	0.02
NW_024396976.1	8	0.04
NW_024396976.1	7	0.07
NW_024396976.1	6	0.11
NW_024396976.1	5	0.18
NW_024396976.1	4	0.28
NW_024396976.1	3	0.41
NW_024396976.1	2	0.52
NW_024396976.1	1	0.68
NW_024396976.1	0	1.00
NW_024396977.1	18	0.00
NW_024396977.1	17	0.00
NW_024396977.1	16	0.00
NW_024396977.1	15	0.00
NW_024396977.1	14	0.00
NW_024396977.1	13	0.00
NW_024396977.1	12	0.00
NW_024396977.1	11	0.00
NW_024396977.1	10	0.00
NW_024396977.1	9	0.01
NW_024396977.1	8	0.02
NW_024396977.1	7	0.03
NW_024396977.1	6	0.06
NW_024396977.1	5	0.10
NW_024396977.1	4	0.15
NW_024396977.1	3	0.23
NW_024396977.1	2	0.35
NW_024396977.1	1	0.53
NW_024396977.1	0	1.00
NW_024396978.1	40	0.00
NW_024396978.1	39	0.00
NW_024396978.1	38	0.00
NW_024396978.1	37	0.00
NW_024396978.1	36	0.00
NW_024396978.1	35	0.00
NW_024396978.1	34	0.00
NW_024396978.1	33	0.00
NW_024396978.1	32	0.00
NW_024396978.1	31	0.00
NW_024396978.1	30	0.00
NW_024396978.1	29	0.00
NW_024396978.1	28	0.00
NW_024396978.1	27	0.00
NW_024396978.1	26	0.00
NW_024396978.1	25	0.00
NW_024396978.1	24	0.00
NW_024396978.1	23	0.00
NW_024396978.1	22	0.00
NW_024396978.1	21	0.00
NW_024396978.1	20	0.00
NW_024396978.1	19	0.00
NW_024396978.1	18	0.00
NW_024396978.1	17	0.00
NW_024396978.1	16	0.01
NW_024396978.1	15	0.01
NW_024396978.1	14	0.01
NW_024396978.1	13	0.01
NW_024396978.1	12	0.01
NW_024396978.1	11	0.01
NW_024396978.1	10	0.01
NW_024396978.1	9	0.02
NW_024396978.1	8	0.04
NW_024396978.1	7	0.06
NW_024396978.1	6	0.10
NW_024396978.1	5	0.17
NW_024396978.1	4	0.27
NW_024396978.1	3	0.38
NW_024396978.1	2	0.53
NW_024396978.1	1	0.72
NW_024396978.1	0	1.00
NW_024396979.1	12	0.00
NW_024396979.1	11	0.00
NW_024396979.1	10	0.00
NW_024396979.1	9	0.01
NW_024396979.1	8	0.02
NW_024396979.1	7	0.04
NW_024396979.1	6	0.08
NW_024396979.1	5	0.16
NW_024396979.1	4	0.25
NW_024396979.1	3	0.34
NW_024396979.1	2	0.45
NW_024396979.1	1	0.64
NW_024396979.1	0	1.00
NW_024396980.1	11	0.00
NW_024396980.1	10	0.00
NW_024396980.1	9	0.01
NW_024396980.1	8	0.01
NW_024396980.1	7	0.01
NW_024396980.1	6	0.03
NW_024396980.1	5	0.05
NW_024396980.1	4	0.10
NW_024396980.1	3	0.16
NW_024396980.1	2	0.26
NW_024396980.1	1	0.47
NW_024396980.1	0	1.00
NW_024396981.1	11	0.00
NW_024396981.1	10	0.00
NW_024396981.1	9	0.01
NW_024396981.1	8	0.02
NW_024396981.1	7	0.04
NW_024396981.1	6	0.08
NW_024396981.1	5	0.12
NW_024396981.1	4	0.18
NW_024396981.1	3	0.27
NW_024396981.1	2	0.37
NW_024396981.1	1	0.53
NW_024396981.1	0	1.00
NW_024396982.1	15	0.00
NW_024396982.1	14	0.00
NW_024396982.1	13	0.00
NW_024396982.1	12	0.00
NW_024396982.1	11	0.01
NW_024396982.1	10	0.01
NW_024396982.1	9	0.02
NW_024396982.1	8	0.04
NW_024396982.1	7	0.07
NW_024396982.1	6	0.11
NW_024396982.1	5	0.19
NW_024396982.1	4	0.32
NW_024396982.1	3	0.45
NW_024396982.1	2	0.58
NW_024396982.1	1	0.73
NW_024396982.1	0	1.00
NW_024396983.1	12	0.00
NW_024396983.1	11	0.00
NW_024396983.1	10	0.00
NW_024396983.1	9	0.01
NW_024396983.1	8	0.02
NW_024396983.1	7	0.03
NW_024396983.1	6	0.05
NW_024396983.1	5	0.10
NW_024396983.1	4	0.17
NW_024396983.1	3	0.29
NW_024396983.1	2	0.42
NW_024396983.1	1	0.58
NW_024396983.1	0	1.00
NW_024396984.1	11	0.00
NW_024396984.1	10	0.00
NW_024396984.1	9	0.01
NW_024396984.1	8	0.02
NW_024396984.1	7	0.04
NW_024396984.1	6	0.06
NW_024396984.1	5	0.13
NW_024396984.1	4	0.22
NW_024396984.1	3	0.33
NW_024396984.1	2	0.51
NW_024396984.1	1	0.73
NW_024396984.1	0	1.00
2	26	0.00
2	25	0.00
2	24	0.00
2	23	0.00
2	22	0.00
2	21	0.00
2	20	0.00
2	19	0.00
2	18	0.00
2	17	0.00
2	16	0.00
2	15	0.00
2	14	0.00
2	13	0.00
2	12	0.00
2	11	0.00
2	10	0.01
2	9	0.01
2	8	0.02
2	7	0.04
2	6	0.09
2	5	0.18
2	4	0.33
2	3	0.54
2	2	0.76
2	1	0.92
2	0	1.00
3	163	0.00
3	162	0.00
3	161	0.00
3	160	0.00
3	159	0.00
3	158	0.00
3	157	0.00
3	156	0.00
3	155	0.00
3	154	0.00
3	153	0.00
3	152	0.00
3	151	0.00
3	150	0.00
3	149	0.00
3	148	0.00
3	147	0.00
3	146	0.00
3	145	0.00
3	144	0.00
3	143	0.00
3	142	0.00
3	141	0.00
3	140	0.00
3	139	0.00
3	138	0.00
3	137	0.00
3	136	0.00
3	135	0.00
3	134	0.00
3	133	0.00
3	132	0.00
3	131	0.00
3	130	0.00
3	129	0.00
3	128	0.00
3	127	0.00
3	126	0.00
3	125	0.00
3	124	0.00
3	123	0.00
3	122	0.00
3	121	0.00
3	120	0.00
3	119	0.00
3	118	0.00
3	117	0.00
3	116	0.00
3	115	0.00
3	114	0.00
3	113	0.00
3	112	0.00
3	111	0.00
3	110	0.00
3	109	0.00
3	108	0.00
3	107	0.00
3	106	0.00
3	105	0.00
3	104	0.00
3	103	0.00
3	102	0.00
3	101	0.00
3	100	0.00
3	99	0.00
3	98	0.00
3	97	0.00
3	96	0.00
3	95	0.00
3	94	0.00
3	93	0.00
3	92	0.00
3	91	0.00
3	90	0.00
3	89	0.00
3	88	0.00
3	87	0.00
3	86	0.00
3	85	0.00
3	84	0.00
3	83	0.00
3	82	0.00
3	81	0.00
3	80	0.00
3	79	0.00
3	78	0.00
3	77	0.00
3	76	0.00
3	75	0.00
3	74	0.00
3	73	0.00
3	72	0.00
3	71	0.00
3	70	0.00
3	69	0.00
3	68	0.00
3	67	0.00
3	66	0.00
3	65	0.00
3	64	0.00
3	63	0.00
3	62	0.00
3	61	0.00
3	60	0.00
3	59	0.00
3	58	0.00
3	57	0.00
3	56	0.00
3	55	0.00
3	54	0.00
3	53	0.00
3	52	0.00
3	51	0.00
3	50	0.00
3	49	0.00
3	48	0.00
3	47	0.00
3	46	0.00
3	45	0.00
3	44	0.00
3	43	0.00
3	42	0.00
3	41	0.00
3	40	0.00
3	39	0.00
3	38	0.00
3	37	0.00
3	36	0.00
3	35	0.00
3	34	0.00
3	33	0.00
3	32	0.00
3	31	0.00
3	30	0.00
3	29	0.00
3	28	0.00
3	27	0.00
3	26	0.00
3	25	0.00
3	24	0.00
3	23	0.00
3	22	0.00
3	21	0.00
3	20	0.00
3	19	0.00
3	18	0.00
3	17	0.00
3	16	0.00
3	15	0.00
3	14	0.00
3	13	0.00
3	12	0.00
3	11	0.00
3	10	0.01
3	9	0.01
3	8	0.02
3	7	0.04
3	6	0.09
3	5	0.18
3	4	0.33
3	3	0.54
3	2	0.76
3	1	0.92
3	0	1.00
4	57	0.00
4	56	0.00
4	55	0.00
4	54	0.00
4	53	0.00
4	52	0.00
4	51	0.00
4	50	0.00
4	49	0.00
4	48	0.00
4	47	0.00
4	46	0.00
4	45	0.00
4	44	0.00
4	43	0.00
4	42	0.00
4	41	0.00
4	40	0.00
4	39	0.00
4	38	0.00
4	37	0.00
4	36	0.00
4	35	0.00
4	34	0.00
4	33	0.00
4	32	0.00
4	31	0.00
4	30	0.00
4	29	0.00
4	28	0.00
4	27	0.00
4	26	0.00
4	25	0.00
4	24	0.00
4	23	0.00
4	22	0.00
4	21	0.00
4	20	0.00
4	19	0.00
4	18	0.00
4	17	0.00
4	16	0.00
4	15	0.00
4	14	0.00
4	13	0.00
4	12	0.00
4	11	0.00
4	10	0.01
4	9	0.01
4	8	0.02
4	7	0.05
4	6	0.09
4	5	0.19
4	4	0.34
4	3	0.54
4	2	0.76
4	1	0.92
4	0	1.00
5	55	0.00
5	54	0.00
5	53	0.00
5	52	0.00
5	51	0.00
5	50	0.00
5	49	0.00
5	48	0.00
5	47	0.00
5	46	0.00
5	45	0.00
5	44	0.00
5	43	0.00
5	42	0.00
5	41	0.00
5	40	0.00
5	39	0.00
5	38	0.00
5	37	0.00
5	36	0.00
5	35	0.00
5	34	0.00
5	33	0.00
5	32	0.00
5	31	0.00
5	30	0.00
5	29	0.00
5	28	0.00
5	27	0.00
5	26	0.00
5	25	0.00
5	24	0.00
5	23	0.00
5	22	0.00
5	21	0.00
5	20	0.00
5	19	0.00
5	18	0.00
5	17	0.00
5	16	0.00
5	15	0.00
5	14	0.00
5	13	0.00
5	12	0.00
5	11	0.00
5	10	0.01
5	9	0.01
5	8	0.02
5	7	0.04
5	6	0.09
5	5	0.18
5	4	0.33
5	3	0.53
5	2	0.75
5	1	0.92
5	0	1.00
6	61	0.00
6	60	0.00
6	59	0.00
6	58	0.00
6	57	0.00
6	56	0.00
6	55	0.00
6	54	0.00
6	53	0.00
6	52	0.00
6	51	0.00
6	50	0.00
6	49	0.00
6	48	0.00
6	47	0.00
6	46	0.00
6	45	0.00
6	44	0.00
6	43	0.00
6	42	0.00
6	41	0.00
6	40	0.00
6	39	0.00
6	38	0.00
6	37	0.00
6	36	0.00
6	35	0.00
6	34	0.00
6	33	0.00
6	32	0.00
6	31	0.00
6	30	0.00
6	29	0.00
6	28	0.00
6	27	0.00
6	26	0.00
6	25	0.00
6	24	0.00
6	23	0.00
6	22	0.00
6	21	0.00
6	20	0.00
6	19	0.00
6	18	0.00
6	17	0.00
6	16	0.00
6	15	0.00
6	14	0.00
6	13	0.00
6	12	0.01
6	11	0.01
6	10	0.01
6	9	0.01
6	8	0.02
6	7	0.05
6	6	0.09
6	5	0.18
6	4	0.33
6	3	0.54
6	2	0.76
6	1	0.92
6	0	1.00
7	37	0.00
7	36	0.00
7	35	0.00
7	34	0.00
7	33	0.00
7	32	0.00
7	31	0.00
7	30	0.00
7	29	0.00
7	28	0.00
7	27	0.00
7	26	0.00
7	25	0.00
7	24	0.00
7	23	0.00
7	22	0.00
7	21	0.00
7	20	0.00
7	19	0.00
7	18	0.00
7	17	0.00
7	16	0.00
7	15	0.00
7	14	0.00
7	13	0.00
7	12	0.00
7	11	0.00
7	10	0.01
7	9	0.01
7	8	0.02
7	7	0.04
7	6	0.09
7	5	0.18
7	4	0.33
7	3	0.54
7	2	0.76
7	1	0.92
7	0	1.00
NW_024396985.1	1191	0.00
NW_024396985.1	1189	0.00
NW_024396985.1	1188	0.00
NW_024396985.1	1187	0.00
NW_024396985.1	1186	0.00
NW_024396985.1	1185	0.00
NW_024396985.1	1183	0.00
NW_024396985.1	1181	0.00
NW_024396985.1	1178	0.00
NW_024396985.1	1177	0.00
NW_024396985.1	1175	0.00
NW_024396985.1	1173	0.00
NW_024396985.1	1172	0.00
NW_024396985.1	1169	0.00
NW_024396985.1	1168	0.00
NW_024396985.1	1163	0.00
NW_024396985.1	1162	0.00
NW_024396985.1	1160	0.00
NW_024396985.1	1159	0.00
NW_024396985.1	1156	0.00
NW_024396985.1	1154	0.00
NW_024396985.1	1153	0.00
NW_024396985.1	1151	0.00
NW_024396985.1	1150	0.00
NW_024396985.1	1149	0.00
NW_024396985.1	1147	0.00
NW_024396985.1	1146	0.00
NW_024396985.1	1142	0.00
NW_024396985.1	1140	0.00
NW_024396985.1	1138	0.00
NW_024396985.1	1137	0.00
NW_024396985.1	1132	0.00
NW_024396985.1	1131	0.00
NW_024396985.1	1128	0.00
NW_024396985.1	1127	0.00
NW_024396985.1	1125	0.00
NW_024396985.1	1123	0.00
NW_024396985.1	1119	0.00
NW_024396985.1	1118	0.00
NW_024396985.1	1114	0.00
NW_024396985.1	1111	0.00
NW_024396985.1	1110	0.00
NW_024396985.1	1108	0.00
NW_024396985.1	1106	0.00
NW_024396985.1	1099	0.00
NW_024396985.1	1092	0.00
NW_024396985.1	1089	0.00
NW_024396985.1	1085	0.00
NW_024396985.1	1082	0.00
NW_024396985.1	1072	0.00
NW_024396985.1	1066	0.00
NW_024396985.1	1062	0.00
NW_024396985.1	1060	0.00
NW_024396985.1	1057	0.00
NW_024396985.1	1056	0.00
NW_024396985.1	1051	0.00
NW_024396985.1	1042	0.00
NW_024396985.1	1034	0.00
NW_024396985.1	1031	0.00
NW_024396985.1	1024	0.00
NW_024396985.1	1017	0.00
NW_024396985.1	1012	0.00
NW_024396985.1	1007	0.00
NW_024396985.1	1003	0.00
NW_024396985.1	999	0.00
NW_024396985.1	994	0.00
NW_024396985.1	986	0.00
NW_024396985.1	981	0.00
NW_024396985.1	978	0.00
NW_024396985.1	975	0.00
NW_024396985.1	966	0.00
NW_024396985.1	958	0.00
NW_024396985.1	955	0.00
NW_024396985.1	950	0.00
NW_024396985.1	944	0.00
NW_024396985.1	942	0.00
NW_024396985.1	940	0.00
NW_024396985.1	934	0.00
NW_024396985.1	932	0.00
NW_024396985.1	924	0.00
NW_024396985.1	922	0.00
NW_024396985.1	917	0.00
NW_024396985.1	916	0.00
NW_024396985.1	911	0.00
NW_024396985.1	904	0.00
NW_024396985.1	903	0.00
NW_024396985.1	898	0.00
NW_024396985.1	892	0.00
NW_024396985.1	891	0.00
NW_024396985.1	883	0.00
NW_024396985.1	877	0.00
NW_024396985.1	876	0.00
NW_024396985.1	872	0.00
NW_024396985.1	868	0.00
NW_024396985.1	862	0.00
NW_024396985.1	857	0.00
NW_024396985.1	854	0.00
NW_024396985.1	851	0.00
NW_024396985.1	843	0.00
NW_024396985.1	840	0.00
NW_024396985.1	836	0.00
NW_024396985.1	829	0.00
NW_024396985.1	827	0.00
NW_024396985.1	824	0.00
NW_024396985.1	821	0.00
NW_024396985.1	820	0.00
NW_024396985.1	814	0.00
NW_024396985.1	808	0.00
NW_024396985.1	806	0.00
NW_024396985.1	802	0.00
NW_024396985.1	798	0.00
NW_024396985.1	797	0.00
NW_024396985.1	792	0.00
NW_024396985.1	783	0.00
NW_024396985.1	780	0.00
NW_024396985.1	773	0.00
NW_024396985.1	768	0.00
NW_024396985.1	767	0.00
NW_024396985.1	756	0.00
NW_024396985.1	752	0.00
NW_024396985.1	751	0.00
NW_024396985.1	750	0.00
NW_024396985.1	749	0.00
NW_024396985.1	748	0.00
NW_024396985.1	747	0.00
NW_024396985.1	746	0.00
NW_024396985.1	744	0.00
NW_024396985.1	741	0.00
NW_024396985.1	740	0.00
NW_024396985.1	739	0.00
NW_024396985.1	738	0.00
NW_024396985.1	737	0.00
NW_024396985.1	736	0.00
NW_024396985.1	735	0.00
NW_024396985.1	734	0.00
NW_024396985.1	733	0.00
NW_024396985.1	732	0.00
NW_024396985.1	731	0.00
NW_024396985.1	730	0.00
NW_024396985.1	729	0.00
NW_024396985.1	728	0.00
NW_024396985.1	727	0.00
NW_024396985.1	726	0.00
NW_024396985.1	725	0.00
NW_024396985.1	723	0.00
NW_024396985.1	722	0.00
NW_024396985.1	720	0.00
NW_024396985.1	719	0.00
NW_024396985.1	716	0.00
NW_024396985.1	714	0.00
NW_024396985.1	712	0.00
NW_024396985.1	711	0.00
NW_024396985.1	710	0.00
NW_024396985.1	708	0.00
NW_024396985.1	700	0.00
NW_024396985.1	697	0.00
NW_024396985.1	694	0.00
NW_024396985.1	687	0.00
NW_024396985.1	684	0.00
NW_024396985.1	683	0.00
NW_024396985.1	679	0.00
NW_024396985.1	678	0.00
NW_024396985.1	677	0.00
NW_024396985.1	673	0.00
NW_024396985.1	671	0.00
NW_024396985.1	670	0.00
NW_024396985.1	666	0.00
NW_024396985.1	665	0.00
NW_024396985.1	658	0.00
NW_024396985.1	657	0.00
NW_024396985.1	656	0.00
NW_024396985.1	648	0.00
NW_024396985.1	645	0.00
NW_024396985.1	644	0.00
NW_024396985.1	639	0.00
NW_024396985.1	638	0.00
NW_024396985.1	637	0.00
NW_024396985.1	636	0.00
NW_024396985.1	634	0.00
NW_024396985.1	631	0.00
NW_024396985.1	629	0.00
NW_024396985.1	628	0.00
NW_024396985.1	627	0.00
NW_024396985.1	624	0.00
NW_024396985.1	623	0.00
NW_024396985.1	618	0.00
NW_024396985.1	614	0.00
NW_024396985.1	613	0.00
NW_024396985.1	612	0.00
NW_024396985.1	606	0.00
NW_024396985.1	604	0.00
NW_024396985.1	603	0.00
NW_024396985.1	599	0.00
NW_024396985.1	598	0.00
NW_024396985.1	597	0.00
NW_024396985.1	594	0.00
NW_024396985.1	593	0.00
NW_024396985.1	592	0.00
NW_024396985.1	590	0.00
NW_024396985.1	589	0.00
NW_024396985.1	588	0.00
NW_024396985.1	584	0.00
NW_024396985.1	580	0.00
NW_024396985.1	577	0.00
NW_024396985.1	576	0.00
NW_024396985.1	573	0.00
NW_024396985.1	570	0.00
NW_024396985.1	569	0.00
NW_024396985.1	567	0.00
NW_024396985.1	566	0.00
NW_024396985.1	565	0.00
NW_024396985.1	563	0.00
NW_024396985.1	562	0.00
NW_024396985.1	561	0.00
NW_024396985.1	560	0.00
NW_024396985.1	558	0.00
NW_024396985.1	556	0.00
NW_024396985.1	555	0.00
NW_024396985.1	554	0.00
NW_024396985.1	553	0.00
NW_024396985.1	552	0.00
NW_024396985.1	551	0.00
NW_024396985.1	550	0.00
NW_024396985.1	549	0.00
NW_024396985.1	548	0.00
NW_024396985.1	547	0.00
NW_024396985.1	546	0.00
NW_024396985.1	545	0.00
NW_024396985.1	544	0.00
NW_024396985.1	543	0.00
NW_024396985.1	542	0.00
NW_024396985.1	541	0.00
NW_024396985.1	539	0.00
NW_024396985.1	538	0.00
NW_024396985.1	537	0.00
NW_024396985.1	536	0.00
NW_024396985.1	535	0.00
NW_024396985.1	534	0.00
NW_024396985.1	533	0.00
NW_024396985.1	532	0.00
NW_024396985.1	531	0.00
NW_024396985.1	530	0.00
NW_024396985.1	529	0.00
NW_024396985.1	528	0.00
NW_024396985.1	527	0.00
NW_024396985.1	526	0.00
NW_024396985.1	525	0.00
NW_024396985.1	523	0.00
NW_024396985.1	522	0.00
NW_024396985.1	521	0.00
NW_024396985.1	520	0.00
NW_024396985.1	519	0.00
NW_024396985.1	518	0.00
NW_024396985.1	517	0.00
NW_024396985.1	516	0.00
NW_024396985.1	515	0.00
NW_024396985.1	514	0.00
NW_024396985.1	511	0.00
NW_024396985.1	510	0.00
NW_024396985.1	509	0.00
NW_024396985.1	508	0.00
NW_024396985.1	507	0.00
NW_024396985.1	505	0.00
NW_024396985.1	504	0.00
NW_024396985.1	502	0.00
NW_024396985.1	501	0.00
NW_024396985.1	500	0.00
NW_024396985.1	499	0.00
NW_024396985.1	498	0.00
NW_024396985.1	495	0.00
NW_024396985.1	493	0.00
NW_024396985.1	490	0.00
NW_024396985.1	489	0.00
NW_024396985.1	487	0.00
NW_024396985.1	486	0.00
NW_024396985.1	485	0.00
NW_024396985.1	484	0.00
NW_024396985.1	483	0.00
NW_024396985.1	481	0.00
NW_024396985.1	480	0.00
NW_024396985.1	479	0.00
NW_024396985.1	478	0.00
NW_024396985.1	476	0.00
NW_024396985.1	472	0.00
NW_024396985.1	471	0.00
NW_024396985.1	470	0.00
NW_024396985.1	469	0.00
NW_024396985.1	468	0.00
NW_024396985.1	467	0.00
NW_024396985.1	466	0.00
NW_024396985.1	465	0.00
NW_024396985.1	464	0.00
NW_024396985.1	463	0.00
NW_024396985.1	462	0.00
NW_024396985.1	461	0.00
NW_024396985.1	460	0.00
NW_024396985.1	458	0.00
NW_024396985.1	457	0.00
NW_024396985.1	456	0.00
NW_024396985.1	454	0.00
NW_024396985.1	453	0.00
NW_024396985.1	452	0.00
NW_024396985.1	451	0.00
NW_024396985.1	450	0.00
NW_024396985.1	449	0.00
NW_024396985.1	448	0.00
NW_024396985.1	447	0.00
NW_024396985.1	446	0.00
NW_024396985.1	445	0.00
NW_024396985.1	443	0.00
NW_024396985.1	442	0.00
NW_024396985.1	441	0.00
NW_024396985.1	440	0.00
NW_024396985.1	439	0.00
NW_024396985.1	438	0.00
NW_024396985.1	437	0.00
NW_024396985.1	436	0.00
NW_024396985.1	435	0.00
NW_024396985.1	434	0.00
NW_024396985.1	433	0.00
NW_024396985.1	432	0.00
NW_024396985.1	431	0.00
NW_024396985.1	430	0.00
NW_024396985.1	429	0.00
NW_024396985.1	428	0.00
NW_024396985.1	427	0.00
NW_024396985.1	425	0.00
NW_024396985.1	424	0.00
NW_024396985.1	423	0.00
NW_024396985.1	422	0.00
NW_024396985.1	421	0.00
NW_024396985.1	420	0.00
NW_024396985.1	419	0.00
NW_024396985.1	418	0.00
NW_024396985.1	417	0.00
NW_024396985.1	416	0.00
NW_024396985.1	414	0.00
NW_024396985.1	413	0.00
NW_024396985.1	412	0.00
NW_024396985.1	411	0.00
NW_024396985.1	410	0.00
NW_024396985.1	409	0.00
NW_024396985.1	408	0.00
NW_024396985.1	406	0.00
NW_024396985.1	405	0.00
NW_024396985.1	404	0.00
NW_024396985.1	403	0.00
NW_024396985.1	402	0.00
NW_024396985.1	401	0.00
NW_024396985.1	400	0.00
NW_024396985.1	399	0.00
NW_024396985.1	398	0.00
NW_024396985.1	397	0.00
NW_024396985.1	396	0.00
NW_024396985.1	395	0.00
NW_024396985.1	394	0.00
NW_024396985.1	393	0.00
NW_024396985.1	392	0.00
NW_024396985.1	391	0.00
NW_024396985.1	390	0.00
NW_024396985.1	389	0.00
NW_024396985.1	388	0.00
NW_024396985.1	387	0.00
NW_024396985.1	386	0.00
NW_024396985.1	385	0.00
NW_024396985.1	384	0.00
NW_024396985.1	383	0.00
NW_024396985.1	382	0.01
NW_024396985.1	381	0.01
NW_024396985.1	380	0.01
NW_024396985.1	379	0.01
NW_024396985.1	377	0.01
NW_024396985.1	376	0.01
NW_024396985.1	375	0.01
NW_024396985.1	374	0.01
NW_024396985.1	373	0.01
NW_024396985.1	372	0.01
NW_024396985.1	371	0.01
NW_024396985.1	370	0.01
NW_024396985.1	369	0.01
NW_024396985.1	368	0.01
NW_024396985.1	367	0.01
NW_024396985.1	366	0.01
NW_024396985.1	365	0.01
NW_024396985.1	364	0.01
NW_024396985.1	363	0.01
NW_024396985.1	362	0.01
NW_024396985.1	361	0.01
NW_024396985.1	360	0.01
NW_024396985.1	359	0.01
NW_024396985.1	358	0.01
NW_024396985.1	357	0.01
NW_024396985.1	356	0.01
NW_024396985.1	355	0.01
NW_024396985.1	354	0.01
NW_024396985.1	353	0.01
NW_024396985.1	352	0.01
NW_024396985.1	351	0.01
NW_024396985.1	350	0.01
NW_024396985.1	349	0.01
NW_024396985.1	348	0.01
NW_024396985.1	347	0.01
NW_024396985.1	346	0.01
NW_024396985.1	345	0.01
NW_024396985.1	344	0.01
NW_024396985.1	343	0.01
NW_024396985.1	342	0.01
NW_024396985.1	341	0.01
NW_024396985.1	340	0.01
NW_024396985.1	339	0.01
NW_024396985.1	338	0.01
NW_024396985.1	337	0.01
NW_024396985.1	336	0.01
NW_024396985.1	335	0.01
NW_024396985.1	334	0.01
NW_024396985.1	333	0.01
NW_024396985.1	332	0.01
NW_024396985.1	331	0.01
NW_024396985.1	330	0.01
NW_024396985.1	329	0.01
NW_024396985.1	328	0.01
NW_024396985.1	327	0.01
NW_024396985.1	326	0.01
NW_024396985.1	325	0.01
NW_024396985.1	324	0.01
NW_024396985.1	323	0.01
NW_024396985.1	322	0.01
NW_024396985.1	321	0.01
NW_024396985.1	320	0.01
NW_024396985.1	319	0.01
NW_024396985.1	318	0.01
NW_024396985.1	317	0.01
NW_024396985.1	316	0.01
NW_024396985.1	315	0.01
NW_024396985.1	314	0.01
NW_024396985.1	313	0.01
NW_024396985.1	311	0.01
NW_024396985.1	310	0.01
NW_024396985.1	308	0.01
NW_024396985.1	307	0.01
NW_024396985.1	306	0.01
NW_024396985.1	305	0.01
NW_024396985.1	304	0.01
NW_024396985.1	303	0.01
NW_024396985.1	302	0.01
NW_024396985.1	301	0.01
NW_024396985.1	300	0.01
NW_024396985.1	299	0.01
NW_024396985.1	298	0.01
NW_024396985.1	297	0.01
NW_024396985.1	296	0.01
NW_024396985.1	295	0.01
NW_024396985.1	294	0.01
NW_024396985.1	293	0.01
NW_024396985.1	292	0.01
NW_024396985.1	291	0.01
NW_024396985.1	290	0.01
NW_024396985.1	289	0.01
NW_024396985.1	288	0.01
NW_024396985.1	287	0.01
NW_024396985.1	286	0.01
NW_024396985.1	285	0.01
NW_024396985.1	284	0.01
NW_024396985.1	283	0.01
NW_024396985.1	282	0.01
NW_024396985.1	281	0.01
NW_024396985.1	280	0.01
NW_024396985.1	279	0.01
NW_024396985.1	278	0.01
NW_024396985.1	277	0.01
NW_024396985.1	276	0.01
NW_024396985.1	275	0.01
NW_024396985.1	274	0.01
NW_024396985.1	273	0.01
NW_024396985.1	272	0.01
NW_024396985.1	271	0.01
NW_024396985.1	270	0.01
NW_024396985.1	269	0.01
NW_024396985.1	268	0.01
NW_024396985.1	267	0.01
NW_024396985.1	266	0.01
NW_024396985.1	265	0.01
NW_024396985.1	264	0.01
NW_024396985.1	263	0.01
NW_024396985.1	262	0.01
NW_024396985.1	261	0.01
NW_024396985.1	260	0.01
NW_024396985.1	259	0.01
NW_024396985.1	258	0.01
NW_024396985.1	257	0.01
NW_024396985.1	256	0.01
NW_024396985.1	255	0.01
NW_024396985.1	254	0.01
NW_024396985.1	253	0.01
NW_024396985.1	252	0.01
NW_024396985.1	251	0.01
NW_024396985.1	250	0.01
NW_024396985.1	249	0.01
NW_024396985.1	248	0.01
NW_024396985.1	247	0.01
NW_024396985.1	246	0.01
NW_024396985.1	245	0.01
NW_024396985.1	244	0.01
NW_024396985.1	243	0.01
NW_024396985.1	242	0.01
NW_024396985.1	241	0.01
NW_024396985.1	240	0.01
NW_024396985.1	239	0.01
NW_024396985.1	238	0.01
NW_024396985.1	237	0.01
NW_024396985.1	236	0.01
NW_024396985.1	235	0.01
NW_024396985.1	234	0.01
NW_024396985.1	233	0.01
NW_024396985.1	232	0.01
NW_024396985.1	231	0.01
NW_024396985.1	230	0.01
NW_024396985.1	229	0.01
NW_024396985.1	228	0.01
NW_024396985.1	227	0.01
NW_024396985.1	226	0.01
NW_024396985.1	225	0.01
NW_024396985.1	224	0.01
NW_024396985.1	223	0.01
NW_024396985.1	222	0.01
NW_024396985.1	221	0.01
NW_024396985.1	220	0.01
NW_024396985.1	219	0.01
NW_024396985.1	218	0.01
NW_024396985.1	217	0.01
NW_024396985.1	216	0.01
NW_024396985.1	215	0.01
NW_024396985.1	214	0.01
NW_024396985.1	213	0.01
NW_024396985.1	212	0.01
NW_024396985.1	211	0.01
NW_024396985.1	210	0.01
NW_024396985.1	209	0.01
NW_024396985.1	208	0.01
NW_024396985.1	207	0.01
NW_024396985.1	206	0.01
NW_024396985.1	205	0.01
NW_024396985.1	204	0.01
NW_024396985.1	203	0.01
NW_024396985.1	202	0.01
NW_024396985.1	201	0.01
NW_024396985.1	200	0.01
NW_024396985.1	199	0.01
NW_024396985.1	198	0.01
NW_024396985.1	197	0.01
NW_024396985.1	196	0.01
NW_024396985.1	195	0.01
NW_024396985.1	194	0.01
NW_024396985.1	193	0.01
NW_024396985.1	192	0.01
NW_024396985.1	191	0.01
NW_024396985.1	190	0.01
NW_024396985.1	189	0.01
NW_024396985.1	188	0.01
NW_024396985.1	187	0.01
NW_024396985.1	186	0.01
NW_024396985.1	185	0.01
NW_024396985.1	184	0.01
NW_024396985.1	183	0.01
NW_024396985.1	182	0.01
NW_024396985.1	181	0.01
NW_024396985.1	180	0.01
NW_024396985.1	179	0.01
NW_024396985.1	178	0.01
NW_024396985.1	177	0.01
NW_024396985.1	176	0.01
NW_024396985.1	175	0.01
NW_024396985.1	174	0.01
NW_024396985.1	173	0.01
NW_024396985.1	172	0.01
NW_024396985.1	171	0.01
NW_024396985.1	170	0.01
NW_024396985.1	169	0.01
NW_024396985.1	168	0.01
NW_024396985.1	167	0.01
NW_024396985.1	166	0.01
NW_024396985.1	165	0.01
NW_024396985.1	164	0.01
NW_024396985.1	163	0.01
NW_024396985.1	162	0.01
NW_024396985.1	161	0.01
NW_024396985.1	160	0.01
NW_024396985.1	159	0.01
NW_024396985.1	158	0.01
NW_024396985.1	157	0.01
NW_024396985.1	156	0.01
NW_024396985.1	155	0.01
NW_024396985.1	154	0.01
NW_024396985.1	153	0.01
NW_024396985.1	152	0.01
NW_024396985.1	151	0.01
NW_024396985.1	150	0.01
NW_024396985.1	149	0.01
NW_024396985.1	148	0.01
NW_024396985.1	147	0.01
NW_024396985.1	146	0.01
NW_024396985.1	145	0.01
NW_024396985.1	144	0.01
NW_024396985.1	143	0.01
NW_024396985.1	142	0.01
NW_024396985.1	141	0.01
NW_024396985.1	140	0.01
NW_024396985.1	139	0.01
NW_024396985.1	138	0.01
NW_024396985.1	137	0.01
NW_024396985.1	136	0.01
NW_024396985.1	135	0.01
NW_024396985.1	134	0.01
NW_024396985.1	133	0.01
NW_024396985.1	132	0.01
NW_024396985.1	131	0.01
NW_024396985.1	130	0.01
NW_024396985.1	129	0.01
NW_024396985.1	128	0.01
NW_024396985.1	127	0.01
NW_024396985.1	126	0.01
NW_024396985.1	125	0.01
NW_024396985.1	124	0.01
NW_024396985.1	123	0.01
NW_024396985.1	122	0.01
NW_024396985.1	121	0.01
NW_024396985.1	120	0.01
NW_024396985.1	119	0.01
NW_024396985.1	118	0.01
NW_024396985.1	117	0.01
NW_024396985.1	116	0.01
NW_024396985.1	115	0.02
NW_024396985.1	114	0.02
NW_024396985.1	113	0.02
NW_024396985.1	112	0.02
NW_024396985.1	111	0.02
NW_024396985.1	110	0.02
NW_024396985.1	109	0.02
NW_024396985.1	108	0.02
NW_024396985.1	107	0.02
NW_024396985.1	106	0.02
NW_024396985.1	105	0.02
NW_024396985.1	104	0.02
NW_024396985.1	103	0.02
NW_024396985.1	102	0.02
NW_024396985.1	101	0.02
NW_024396985.1	100	0.02
NW_024396985.1	99	0.02
NW_024396985.1	98	0.02
NW_024396985.1	97	0.02
NW_024396985.1	96	0.02
NW_024396985.1	95	0.02
NW_024396985.1	94	0.02
NW_024396985.1	93	0.02
NW_024396985.1	92	0.02
NW_024396985.1	91	0.02
NW_024396985.1	90	0.02
NW_024396985.1	89	0.02
NW_024396985.1	88	0.02
NW_024396985.1	87	0.02
NW_024396985.1	86	0.02
NW_024396985.1	85	0.02
NW_024396985.1	84	0.02
NW_024396985.1	83	0.02
NW_024396985.1	82	0.02
NW_024396985.1	81	0.02
NW_024396985.1	80	0.02
NW_024396985.1	79	0.02
NW_024396985.1	78	0.02
NW_024396985.1	77	0.02
NW_024396985.1	76	0.02
NW_024396985.1	75	0.02
NW_024396985.1	74	0.02
NW_024396985.1	73	0.02
NW_024396985.1	72	0.03
NW_024396985.1	71	0.03
NW_024396985.1	70	0.03
NW_024396985.1	69	0.03
NW_024396985.1	68	0.03
NW_024396985.1	67	0.03
NW_024396985.1	66	0.03
NW_024396985.1	65	0.03
NW_024396985.1	64	0.03
NW_024396985.1	63	0.03
NW_024396985.1	62	0.03
NW_024396985.1	61	0.03
NW_024396985.1	60	0.03
NW_024396985.1	59	0.03
NW_024396985.1	58	0.03
NW_024396985.1	57	0.04
NW_024396985.1	56	0.04
NW_024396985.1	55	0.04
NW_024396985.1	54	0.04
NW_024396985.1	53	0.04
NW_024396985.1	52	0.04
NW_024396985.1	51	0.04
NW_024396985.1	50	0.04
NW_024396985.1	49	0.04
NW_024396985.1	48	0.05
NW_024396985.1	47	0.05
NW_024396985.1	46	0.05
NW_024396985.1	45	0.05
NW_024396985.1	44	0.05
NW_024396985.1	43	0.06
NW_024396985.1	42	0.06
NW_024396985.1	41	0.06
NW_024396985.1	40	0.07
NW_024396985.1	39	0.07
NW_024396985.1	38	0.07
NW_024396985.1	37	0.08
NW_024396985.1	36	0.08
NW_024396985.1	35	0.08
NW_024396985.1	34	0.09
NW_024396985.1	33	0.09
NW_024396985.1	32	0.10
NW_024396985.1	31	0.11
NW_024396985.1	30	0.11
NW_024396985.1	29	0.12
NW_024396985.1	28	0.13
NW_024396985.1	27	0.13
NW_024396985.1	26	0.14
NW_024396985.1	25	0.15
NW_024396985.1	24	0.16
NW_024396985.1	23	0.17
NW_024396985.1	22	0.17
NW_024396985.1	21	0.18
NW_024396985.1	20	0.19
NW_024396985.1	19	0.20
NW_024396985.1	18	0.21
NW_024396985.1	17	0.22
NW_024396985.1	16	0.23
NW_024396985.1	15	0.24
NW_024396985.1	14	0.25
NW_024396985.1	13	0.26
NW_024396985.1	12	0.27
NW_024396985.1	11	0.28
NW_024396985.1	10	0.30
NW_024396985.1	9	0.31
NW_024396985.1	8	0.33
NW_024396985.1	7	0.35
NW_024396985.1	6	0.39
NW_024396985.1	5	0.45
NW_024396985.1	4	0.54
NW_024396985.1	3	0.64
NW_024396985.1	2	0.73
NW_024396985.1	1	0.82
NW_024396985.1	0	1.00
NW_024396986.1	45	0.00
NW_024396986.1	44	0.00
NW_024396986.1	43	0.00
NW_024396986.1	42	0.00
NW_024396986.1	41	0.00
NW_024396986.1	40	0.00
NW_024396986.1	39	0.00
NW_024396986.1	38	0.00
NW_024396986.1	37	0.00
NW_024396986.1	36	0.00
NW_024396986.1	35	0.00
NW_024396986.1	34	0.00
NW_024396986.1	33	0.00
NW_024396986.1	32	0.00
NW_024396986.1	31	0.00
NW_024396986.1	30	0.00
NW_024396986.1	29	0.00
NW_024396986.1	28	0.00
NW_024396986.1	27	0.00
NW_024396986.1	26	0.00
NW_024396986.1	25	0.00
NW_024396986.1	24	0.00
NW_024396986.1	23	0.00
NW_024396986.1	22	0.00
NW_024396986.1	21	0.00
NW_024396986.1	20	0.00
NW_024396986.1	19	0.00
NW_024396986.1	18	0.00
NW_024396986.1	17	0.00
NW_024396986.1	16	0.01
NW_024396986.1	15	0.01
NW_024396986.1	14	0.01
NW_024396986.1	13	0.01
NW_024396986.1	12	0.01
NW_024396986.1	11	0.02
NW_024396986.1	10	0.03
NW_024396986.1	9	0.04
NW_024396986.1	8	0.05
NW_024396986.1	7	0.07
NW_024396986.1	6	0.10
NW_024396986.1	5	0.15
NW_024396986.1	4	0.22
NW_024396986.1	3	0.35
NW_024396986.1	2	0.55
NW_024396986.1	1	0.78
NW_024396986.1	0	1.00
8	42	0.00
8	41	0.00
8	40	0.00
8	39	0.00
8	38	0.00
8	37	0.00
8	36	0.00
8	35	0.00
8	34	0.00
8	33	0.00
8	32	0.00
8	31	0.00
8	30	0.00
8	29	0.00
8	28	0.00
8	27	0.00
8	26	0.00
8	25	0.00
8	24	0.00
8	23	0.00
8	22	0.00
8	21	0.00
8	20	0.00
8	19	0.00
8	18	0.00
8	17	0.00
8	16	0.00
8	15	0.00
8	14	0.00
8	13	0.00
8	12	0.00
8	11	0.00
8	10	0.01
8	9	0.01
8	8	0.02
8	7	0.04
8	6	0.09
8	5	0.18
8	4	0.33
8	3	0.54
8	2	0.76
8	1	0.92
8	0	1.00
9	62	0.00
9	61	0.00
9	60	0.00
9	59	0.00
9	58	0.00
9	57	0.00
9	56	0.00
9	55	0.00
9	54	0.00
9	53	0.00
9	52	0.00
9	51	0.00
9	50	0.00
9	49	0.00
9	48	0.00
9	47	0.00
9	46	0.00
9	45	0.00
9	44	0.00
9	43	0.00
9	42	0.00
9	41	0.00
9	40	0.00
9	39	0.00
9	38	0.00
9	37	0.00
9	36	0.00
9	35	0.00
9	34	0.00
9	33	0.00
9	32	0.00
9	31	0.00
9	30	0.00
9	29	0.00
9	28	0.00
9	27	0.00
9	26	0.00
9	25	0.00
9	24	0.00
9	23	0.00
9	22	0.00
9	21	0.00
9	20	0.00
9	19	0.00
9	18	0.00
9	17	0.00
9	16	0.00
9	15	0.00
9	14	0.00
9	13	0.00
9	12	0.00
9	11	0.00
9	10	0.01
9	9	0.01
9	8	0.02
9	7	0.05
9	6	0.09
9	5	0.18
9	4	0.33
9	3	0.54
9	2	0.76
9	1	0.92
9	0	1.00
10	43	0.00
10	42	0.00
10	41	0.00
10	40	0.00
10	39	0.00
10	38	0.00
10	37	0.00
10	36	0.00
10	35	0.00
10	34	0.00
10	33	0.00
10	32	0.00
10	31	0.00
10	30	0.00
10	29	0.00
10	28	0.00
10	27	0.00
10	26	0.00
10	25	0.00
10	24	0.00
10	23	0.00
10	22	0.00
10	21	0.00
10	20	0.00
10	19	0.00
10	18	0.00
10	17	0.00
10	16	0.00
10	15	0.00
10	14	0.00
10	13	0.00
10	12	0.00
10	11	0.00
10	10	0.01
10	9	0.01
10	8	0.02
10	7	0.04
10	6	0.09
10	5	0.18
10	4	0.33
10	3	0.53
10	2	0.75
10	1	0.91
10	0	1.00
11	25	0.00
11	24	0.00
11	23	0.00
11	22	0.00
11	21	0.00
11	20	0.00
11	19	0.00
11	18	0.00
11	17	0.00
11	16	0.00
11	15	0.00
11	14	0.00
11	13	0.00
11	12	0.00
11	11	0.00
11	10	0.00
11	9	0.01
11	8	0.02
11	7	0.04
11	6	0.09
11	5	0.18
11	4	0.33
11	3	0.53
11	2	0.75
11	1	0.91
11	0	1.00
12	99	0.00
12	98	0.00
12	97	0.00
12	96	0.00
12	95	0.00
12	94	0.00
12	93	0.00
12	92	0.00
12	91	0.00
12	90	0.00
12	89	0.00
12	88	0.00
12	87	0.00
12	86	0.00
12	85	0.00
12	84	0.00
12	83	0.00
12	82	0.00
12	81	0.00
12	80	0.00
12	79	0.00
12	78	0.00
12	77	0.00
12	76	0.00
12	75	0.00
12	74	0.00
12	73	0.00
12	72	0.00
12	71	0.00
12	70	0.00
12	69	0.00
12	68	0.00
12	67	0.00
12	66	0.00
12	65	0.00
12	64	0.00
12	63	0.00
12	62	0.00
12	61	0.00
12	60	0.00
12	59	0.00
12	58	0.00
12	57	0.00
12	56	0.00
12	55	0.00
12	54	0.00
12	53	0.00
12	52	0.00
12	51	0.00
12	50	0.00
12	49	0.00
12	48	0.00
12	47	0.00
12	46	0.00
12	45	0.00
12	44	0.00
12	43	0.00
12	42	0.00
12	41	0.00
12	40	0.00
12	39	0.00
12	38	0.00
12	37	0.00
12	36	0.00
12	35	0.00
12	34	0.00
12	33	0.00
12	32	0.00
12	31	0.00
12	30	0.00
12	29	0.00
12	28	0.00
12	27	0.00
12	26	0.00
12	25	0.00
12	24	0.00
12	23	0.00
12	22	0.00
12	21	0.00
12	20	0.00
12	19	0.00
12	18	0.00
12	17	0.00
12	16	0.00
12	15	0.00
12	14	0.00
12	13	0.00
12	12	0.00
12	11	0.00
12	10	0.01
12	9	0.01
12	8	0.02
12	7	0.04
12	6	0.09
12	5	0.18
12	4	0.33
12	3	0.53
12	2	0.75
12	1	0.92
12	0	1.00
13	37	0.00
13	36	0.00
13	35	0.00
13	34	0.00
13	33	0.00
13	32	0.00
13	31	0.00
13	30	0.00
13	29	0.00
13	28	0.00
13	27	0.00
13	26	0.00
13	25	0.00
13	24	0.00
13	23	0.00
13	22	0.00
13	21	0.00
13	20	0.00
13	19	0.00
13	18	0.00
13	17	0.00
13	16	0.00
13	15	0.00
13	14	0.00
13	13	0.00
13	12	0.00
13	11	0.00
13	10	0.01
13	9	0.01
13	8	0.02
13	7	0.04
13	6	0.09
13	5	0.18
13	4	0.32
13	3	0.52
13	2	0.74
13	1	0.91
13	0	1.00
14	28	0.00
14	27	0.00
14	26	0.00
14	25	0.00
14	24	0.00
14	23	0.00
14	22	0.00
14	21	0.00
14	20	0.00
14	19	0.00
14	18	0.00
14	17	0.00
14	16	0.00
14	15	0.00
14	14	0.00
14	13	0.00
14	12	0.00
14	11	0.00
14	10	0.01
14	9	0.01
14	8	0.02
14	7	0.05
14	6	0.09
14	5	0.18
14	4	0.33
14	3	0.54
14	2	0.75
14	1	0.92
14	0	1.00
15	31	0.00
15	30	0.00
15	29	0.00
15	28	0.00
15	27	0.00
15	26	0.00
15	25	0.00
15	24	0.00
15	23	0.00
15	22	0.00
15	21	0.00
15	20	0.00
15	19	0.00
15	18	0.00
15	17	0.00
15	16	0.00
15	15	0.00
15	14	0.00
15	13	0.00
15	12	0.00
15	11	0.00
15	10	0.00
15	9	0.01
15	8	0.02
15	7	0.04
15	6	0.09
15	5	0.18
15	4	0.33
15	3	0.53
15	2	0.75
15	1	0.92
15	0	1.00
16	240	0.00
16	239	0.00
16	238	0.00
16	237	0.00
16	236	0.00
16	235	0.00
16	234	0.00
16	233	0.00
16	232	0.00
16	231	0.00
16	230	0.00
16	229	0.00
16	228	0.00
16	227	0.00
16	226	0.00
16	225	0.00
16	224	0.00
16	223	0.00
16	222	0.00
16	221	0.00
16	220	0.00
16	219	0.00
16	218	0.00
16	217	0.00
16	216	0.00
16	215	0.00
16	214	0.00
16	213	0.00
16	212	0.00
16	211	0.00
16	210	0.00
16	209	0.00
16	208	0.00
16	207	0.00
16	206	0.00
16	205	0.00
16	204	0.00
16	203	0.00
16	202	0.00
16	201	0.00
16	200	0.00
16	199	0.00
16	198	0.00
16	197	0.00
16	196	0.00
16	195	0.00
16	194	0.00
16	193	0.00
16	192	0.00
16	191	0.00
16	190	0.00
16	189	0.00
16	188	0.00
16	187	0.00
16	186	0.00
16	185	0.00
16	184	0.00
16	183	0.00
16	182	0.00
16	181	0.00
16	180	0.00
16	179	0.00
16	178	0.00
16	177	0.00
16	176	0.00
16	175	0.00
16	174	0.00
16	173	0.00
16	172	0.00
16	171	0.00
16	170	0.00
16	169	0.00
16	168	0.00
16	167	0.00
16	166	0.00
16	165	0.00
16	164	0.00
16	163	0.00
16	162	0.00
16	161	0.00
16	160	0.00
16	159	0.00
16	158	0.00
16	157	0.00
16	156	0.00
16	155	0.00
16	154	0.00
16	153	0.00
16	152	0.00
16	151	0.00
16	150	0.00
16	149	0.00
16	148	0.00
16	147	0.00
16	146	0.00
16	145	0.00
16	144	0.00
16	143	0.00
16	142	0.00
16	141	0.00
16	140	0.00
16	139	0.00
16	138	0.00
16	137	0.00
16	136	0.00
16	135	0.00
16	134	0.00
16	133	0.00
16	132	0.00
16	131	0.00
16	130	0.00
16	129	0.00
16	128	0.00
16	127	0.00
16	126	0.00
16	125	0.00
16	124	0.00
16	123	0.00
16	122	0.00
16	121	0.00
16	120	0.00
16	119	0.00
16	118	0.00
16	117	0.00
16	116	0.00
16	115	0.00
16	114	0.00
16	113	0.00
16	112	0.00
16	111	0.00
16	110	0.00
16	109	0.00
16	108	0.00
16	107	0.00
16	106	0.00
16	105	0.00
16	104	0.00
16	103	0.00
16	102	0.00
16	101	0.00
16	100	0.00
16	99	0.00
16	98	0.00
16	97	0.00
16	96	0.00
16	95	0.00
16	94	0.00
16	93	0.00
16	92	0.00
16	91	0.00
16	90	0.00
16	89	0.00
16	88	0.00
16	87	0.00
16	86	0.00
16	85	0.00
16	84	0.00
16	83	0.00
16	82	0.00
16	81	0.00
16	80	0.00
16	79	0.00
16	78	0.00
16	77	0.00
16	76	0.00
16	75	0.00
16	74	0.00
16	73	0.00
16	72	0.00
16	71	0.00
16	70	0.00
16	69	0.00
16	68	0.00
16	67	0.00
16	66	0.00
16	65	0.00
16	64	0.00
16	63	0.00
16	62	0.00
16	61	0.00
16	60	0.00
16	59	0.00
16	58	0.00
16	57	0.00
16	56	0.00
16	55	0.00
16	54	0.00
16	53	0.00
16	52	0.00
16	51	0.00
16	50	0.00
16	49	0.00
16	48	0.00
16	47	0.00
16	46	0.00
16	45	0.00
16	44	0.00
16	43	0.00
16	42	0.00
16	41	0.00
16	40	0.00
16	39	0.00
16	38	0.00
16	37	0.00
16	36	0.00
16	35	0.00
16	34	0.00
16	33	0.00
16	32	0.00
16	31	0.00
16	30	0.00
16	29	0.00
16	28	0.00
16	27	0.00
16	26	0.00
16	25	0.00
16	24	0.00
16	23	0.00
16	22	0.00
16	21	0.00
16	20	0.00
16	19	0.00
16	18	0.00
16	17	0.00
16	16	0.00
16	15	0.00
16	14	0.00
16	13	0.00
16	12	0.00
16	11	0.00
16	10	0.01
16	9	0.01
16	8	0.02
16	7	0.05
16	6	0.09
16	5	0.18
16	4	0.33
16	3	0.53
16	2	0.75
16	1	0.92
16	0	1.00
17	54	0.00
17	53	0.00
17	52	0.00
17	51	0.00
17	50	0.00
17	49	0.00
17	48	0.00
17	47	0.00
17	46	0.00
17	45	0.00
17	44	0.00
17	43	0.00
17	42	0.00
17	41	0.00
17	40	0.00
17	39	0.00
17	38	0.00
17	37	0.00
17	36	0.00
17	35	0.00
17	34	0.00
17	33	0.00
17	32	0.00
17	31	0.00
17	30	0.00
17	29	0.00
17	28	0.00
17	27	0.00
17	26	0.00
17	25	0.00
17	24	0.00
17	23	0.00
17	22	0.00
17	21	0.00
17	20	0.00
17	19	0.00
17	18	0.00
17	17	0.00
17	16	0.00
17	15	0.00
17	14	0.00
17	13	0.00
17	12	0.00
17	11	0.00
17	10	0.01
17	9	0.01
17	8	0.02
17	7	0.04
17	6	0.09
17	5	0.18
17	4	0.33
17	3	0.53
17	2	0.75
17	1	0.91
17	0	1.00
18	45	0.00
18	44	0.00
18	43	0.00
18	42	0.00
18	41	0.00
18	40	0.00
18	39	0.00
18	38	0.00
18	37	0.00
18	36	0.00
18	35	0.00
18	34	0.00
18	33	0.00
18	32	0.00
18	31	0.00
18	30	0.00
18	29	0.00
18	28	0.00
18	27	0.00
18	26	0.00
18	25	0.00
18	24	0.00
18	23	0.00
18	22	0.00
18	21	0.00
18	20	0.00
18	19	0.00
18	18	0.00
18	17	0.00
18	16	0.00
18	15	0.00
18	14	0.00
18	13	0.00
18	12	0.00
18	11	0.00
18	10	0.01
18	9	0.01
18	8	0.02
18	7	0.04
18	6	0.09
18	5	0.18
18	4	0.33
18	3	0.54
18	2	0.76
18	1	0.92
18	0	1.00
19	45	0.00
19	44	0.00
19	43	0.00
19	42	0.00
19	41	0.00
19	40	0.00
19	39	0.00
19	38	0.00
19	37	0.00
19	36	0.00
19	35	0.00
19	34	0.00
19	33	0.00
19	32	0.00
19	31	0.00
19	30	0.00
19	29	0.00
19	28	0.00
19	27	0.00
19	26	0.00
19	25	0.00
19	24	0.00
19	23	0.00
19	22	0.00
19	21	0.00
19	20	0.00
19	19	0.00
19	18	0.00
19	17	0.00
19	16	0.00
19	15	0.01
19	14	0.01
19	13	0.01
19	12	0.01
19	11	0.01
19	10	0.02
19	9	0.02
19	8	0.03
19	7	0.06
19	6	0.11
19	5	0.19
19	4	0.34
19	3	0.54
19	2	0.76
19	1	0.92
19	0	1.00
20	29	0.00
20	28	0.00
20	27	0.00
20	26	0.00
20	25	0.00
20	24	0.00
20	23	0.00
20	22	0.00
20	21	0.00
20	20	0.00
20	19	0.00
20	18	0.00
20	17	0.00
20	16	0.00
20	15	0.00
20	14	0.00
20	13	0.00
20	12	0.00
20	11	0.00
20	10	0.01
20	9	0.01
20	8	0.02
20	7	0.04
20	6	0.09
20	5	0.18
20	4	0.33
20	3	0.53
20	2	0.75
20	1	0.92
20	0	1.00
21	30	0.00
21	29	0.00
21	28	0.00
21	27	0.00
21	26	0.00
21	25	0.00
21	24	0.00
21	23	0.00
21	22	0.00
21	21	0.00
21	20	0.00
21	19	0.00
21	18	0.00
21	17	0.00
21	16	0.00
21	15	0.00
21	14	0.00
21	13	0.00
21	12	0.00
21	11	0.00
21	10	0.01
21	9	0.01
21	8	0.02
21	7	0.04
21	6	0.09
21	5	0.18
21	4	0.32
21	3	0.51
21	2	0.73
21	1	0.89
21	0	1.00
22	54	0.00
22	53	0.00
22	52	0.00
22	51	0.00
22	50	0.00
22	49	0.00
22	48	0.00
22	47	0.00
22	46	0.00
22	45	0.00
22	44	0.00
22	43	0.00
22	42	0.00
22	41	0.00
22	40	0.00
22	39	0.00
22	38	0.00
22	37	0.00
22	36	0.00
22	35	0.00
22	34	0.00
22	33	0.00
22	32	0.00
22	31	0.00
22	30	0.00
22	29	0.00
22	28	0.00
22	27	0.00
22	26	0.00
22	25	0.00
22	24	0.00
22	23	0.00
22	22	0.00
22	21	0.00
22	20	0.00
22	19	0.00
22	18	0.00
22	17	0.00
22	16	0.00
22	15	0.00
22	14	0.00
22	13	0.00
22	12	0.00
22	11	0.00
22	10	0.01
22	9	0.01
22	8	0.02
22	7	0.04
22	6	0.09
22	5	0.18
22	4	0.33
22	3	0.54
22	2	0.75
22	1	0.92
22	0	1.00
23	106	0.00
23	105	0.00
23	104	0.00
23	103	0.00
23	102	0.00
23	101	0.00
23	100	0.00
23	99	0.00
23	98	0.00
23	97	0.00
23	96	0.00
23	95	0.00
23	94	0.00
23	93	0.00
23	92	0.00
23	91	0.00
23	90	0.00
23	89	0.00
23	88	0.00
23	87	0.00
23	86	0.00
23	85	0.00
23	84	0.00
23	83	0.00
23	82	0.00
23	81	0.00
23	80	0.00
23	79	0.00
23	78	0.00
23	77	0.00
23	76	0.00
23	75	0.00
23	74	0.00
23	73	0.00
23	72	0.00
23	71	0.00
23	70	0.00
23	69	0.00
23	68	0.00
23	67	0.00
23	66	0.00
23	65	0.00
23	64	0.00
23	63	0.00
23	62	0.00
23	61	0.00
23	60	0.00
23	59	0.00
23	58	0.00
23	57	0.00
23	56	0.00
23	55	0.00
23	54	0.00
23	53	0.00
23	52	0.00
23	51	0.00
23	50	0.00
23	49	0.00
23	48	0.00
23	47	0.00
23	46	0.00
23	45	0.00
23	44	0.00
23	43	0.00
23	42	0.00
23	41	0.00
23	40	0.00
23	39	0.00
23	38	0.00
23	37	0.00
23	36	0.00
23	35	0.00
23	34	0.00
23	33	0.00
23	32	0.00
23	31	0.00
23	30	0.00
23	29	0.00
23	28	0.00
23	27	0.00
23	26	0.00
23	25	0.00
23	24	0.00
23	23	0.00
23	22	0.00
23	21	0.00
23	20	0.00
23	19	0.00
23	18	0.00
23	17	0.00
23	16	0.00
23	15	0.00
23	14	0.00
23	13	0.00
23	12	0.01
23	11	0.01
23	10	0.01
23	9	0.02
23	8	0.03
23	7	0.05
23	6	0.10
23	5	0.19
23	4	0.33
23	3	0.52
23	2	0.74
23	1	0.90
23	0	1.00
24	40	0.00
24	39	0.00
24	38	0.00
24	37	0.00
24	36	0.00
24	35	0.00
24	34	0.00
24	33	0.00
24	32	0.00
24	31	0.00
24	30	0.00
24	29	0.00
24	28	0.00
24	27	0.00
24	26	0.00
24	25	0.00
24	24	0.00
24	23	0.00
24	22	0.00
24	21	0.00
24	20	0.00
24	19	0.00
24	18	0.00
24	17	0.00
24	16	0.00
24	15	0.00
24	14	0.00
24	13	0.00
24	12	0.01
24	11	0.01
24	10	0.01
24	9	0.02
24	8	0.03
24	7	0.06
24	6	0.11
24	5	0.20
24	4	0.34
24	3	0.54
24	2	0.75
24	1	0.92
24	0	1.00
25	428	0.00
25	427	0.00
25	426	0.00
25	425	0.00
25	424	0.00
25	423	0.00
25	422	0.00
25	421	0.00
25	419	0.00
25	418	0.00
25	417	0.00
25	416	0.00
25	415	0.00
25	413	0.00
25	412	0.00
25	410	0.00
25	409	0.00
25	408	0.00
25	407	0.00
25	406	0.00
25	405	0.00
25	404	0.00
25	403	0.00
25	402	0.00
25	401	0.00
25	400	0.00
25	399	0.00
25	398	0.00
25	397	0.00
25	396	0.00
25	395	0.00
25	394	0.00
25	393	0.00
25	392	0.00
25	391	0.00
25	390	0.00
25	389	0.00
25	388	0.00
25	387	0.00
25	386	0.00
25	385	0.00
25	384	0.00
25	383	0.00
25	382	0.00
25	381	0.00
25	380	0.00
25	379	0.00
25	378	0.00
25	377	0.00
25	376	0.00
25	375	0.00
25	374	0.00
25	373	0.00
25	372	0.00
25	371	0.00
25	370	0.00
25	369	0.00
25	368	0.00
25	367	0.00
25	366	0.00
25	365	0.00
25	363	0.00
25	362	0.00
25	361	0.00
25	360	0.00
25	359	0.00
25	358	0.00
25	357	0.00
25	356	0.00
25	355	0.00
25	354	0.00
25	353	0.00
25	352	0.00
25	351	0.00
25	350	0.00
25	349	0.00
25	348	0.00
25	347	0.00
25	346	0.00
25	345	0.00
25	344	0.00
25	343	0.00
25	342	0.00
25	341	0.00
25	340	0.00
25	339	0.00
25	338	0.00
25	337	0.00
25	336	0.00
25	335	0.00
25	334	0.00
25	333	0.00
25	332	0.00
25	331	0.00
25	330	0.00
25	329	0.00
25	328	0.00
25	327	0.00
25	326	0.00
25	325	0.00
25	324	0.00
25	323	0.00
25	322	0.00
25	321	0.00
25	319	0.00
25	318	0.00
25	317	0.00
25	316	0.00
25	315	0.00
25	314	0.00
25	313	0.00
25	312	0.00
25	311	0.00
25	310	0.00
25	309	0.00
25	307	0.00
25	306	0.00
25	305	0.00
25	304	0.00
25	303	0.00
25	302	0.00
25	301	0.00
25	300	0.00
25	299	0.00
25	298	0.00
25	297	0.00
25	296	0.00
25	295	0.00
25	294	0.00
25	293	0.00
25	292	0.00
25	291	0.00
25	290	0.00
25	289	0.00
25	288	0.00
25	287	0.00
25	286	0.00
25	285	0.00
25	284	0.00
25	283	0.00
25	282	0.00
25	281	0.00
25	280	0.00
25	279	0.00
25	278	0.00
25	277	0.00
25	276	0.00
25	275	0.00
25	274	0.00
25	273	0.00
25	272	0.00
25	271	0.00
25	270	0.00
25	269	0.00
25	268	0.00
25	267	0.00
25	266	0.00
25	265	0.00
25	264	0.00
25	263	0.00
25	262	0.00
25	261	0.00
25	260	0.00
25	259	0.00
25	258	0.00
25	257	0.00
25	256	0.00
25	255	0.00
25	254	0.00
25	253	0.00
25	252	0.00
25	251	0.00
25	250	0.00
25	249	0.00
25	248	0.00
25	247	0.00
25	246	0.00
25	245	0.00
25	244	0.00
25	243	0.00
25	242	0.00
25	241	0.00
25	240	0.00
25	239	0.00
25	238	0.00
25	237	0.00
25	236	0.00
25	235	0.00
25	234	0.00
25	233	0.00
25	232	0.00
25	231	0.00
25	230	0.00
25	229	0.00
25	228	0.00
25	227	0.00
25	226	0.00
25	225	0.00
25	224	0.00
25	223	0.00
25	222	0.00
25	221	0.00
25	220	0.00
25	219	0.00
25	218	0.00
25	217	0.00
25	216	0.00
25	215	0.00
25	214	0.00
25	213	0.00
25	212	0.00
25	211	0.00
25	210	0.00
25	209	0.00
25	208	0.00
25	207	0.00
25	206	0.00
25	205	0.00
25	204	0.00
25	203	0.00
25	202	0.00
25	201	0.00
25	200	0.00
25	199	0.00
25	198	0.00
25	197	0.00
25	196	0.00
25	195	0.00
25	194	0.00
25	193	0.00
25	192	0.00
25	191	0.00
25	190	0.00
25	189	0.00
25	188	0.00
25	187	0.00
25	186	0.00
25	185	0.00
25	184	0.00
25	183	0.00
25	182	0.00
25	181	0.00
25	180	0.00
25	179	0.00
25	178	0.00
25	177	0.00
25	176	0.00
25	175	0.00
25	174	0.00
25	173	0.00
25	172	0.00
25	171	0.00
25	170	0.00
25	169	0.00
25	168	0.00
25	167	0.00
25	166	0.00
25	165	0.00
25	164	0.00
25	163	0.00
25	162	0.00
25	161	0.00
25	160	0.00
25	159	0.00
25	158	0.00
25	157	0.00
25	156	0.00
25	155	0.00
25	154	0.00
25	153	0.00
25	152	0.00
25	151	0.00
25	150	0.00
25	149	0.00
25	148	0.00
25	147	0.00
25	146	0.00
25	145	0.00
25	144	0.00
25	143	0.00
25	142	0.00
25	141	0.00
25	140	0.00
25	139	0.00
25	138	0.00
25	137	0.00
25	136	0.00
25	135	0.00
25	134	0.00
25	133	0.00
25	132	0.00
25	131	0.00
25	130	0.00
25	129	0.00
25	128	0.00
25	127	0.00
25	126	0.00
25	125	0.00
25	124	0.00
25	123	0.00
25	122	0.00
25	121	0.00
25	120	0.00
25	119	0.00
25	118	0.00
25	117	0.00
25	116	0.00
25	115	0.00
25	114	0.00
25	113	0.00
25	112	0.00
25	111	0.00
25	110	0.00
25	109	0.00
25	108	0.00
25	107	0.00
25	106	0.00
25	105	0.00
25	104	0.00
25	103	0.00
25	102	0.00
25	101	0.00
25	100	0.00
25	99	0.00
25	98	0.00
25	97	0.00
25	96	0.00
25	95	0.00
25	94	0.00
25	93	0.00
25	92	0.00
25	91	0.00
25	90	0.00
25	89	0.00
25	88	0.00
25	87	0.00
25	86	0.00
25	85	0.00
25	84	0.00
25	83	0.00
25	82	0.00
25	81	0.00
25	80	0.00
25	79	0.00
25	78	0.00
25	77	0.00
25	76	0.00
25	75	0.00
25	74	0.00
25	73	0.00
25	72	0.00
25	71	0.00
25	70	0.00
25	69	0.00
25	68	0.00
25	67	0.00
25	66	0.00
25	65	0.00
25	64	0.00
25	63	0.00
25	62	0.00
25	61	0.00
25	60	0.00
25	59	0.00
25	58	0.00
25	57	0.00
25	56	0.00
25	55	0.00
25	54	0.00
25	53	0.00
25	52	0.00
25	51	0.00
25	50	0.00
25	49	0.00
25	48	0.00
25	47	0.00
25	46	0.00
25	45	0.00
25	44	0.00
25	43	0.00
25	42	0.00
25	41	0.00
25	40	0.00
25	39	0.00
25	38	0.00
25	37	0.00
25	36	0.00
25	35	0.00
25	34	0.00
25	33	0.00
25	32	0.00
25	31	0.00
25	30	0.00
25	29	0.00
25	28	0.00
25	27	0.00
25	26	0.00
25	25	0.00
25	24	0.00
25	23	0.00
25	22	0.00
25	21	0.00
25	20	0.00
25	19	0.00
25	18	0.00
25	17	0.00
25	16	0.00
25	15	0.00
25	14	0.00
25	13	0.01
25	12	0.01
25	11	0.01
25	10	0.01
25	9	0.02
25	8	0.03
25	7	0.06
25	6	0.11
25	5	0.19
25	4	0.33
25	3	0.53
25	2	0.74
25	1	0.90
25	0	1.00
26	214	0.00
26	213	0.00
26	212	0.00
26	211	0.00
26	210	0.00
26	209	0.00
26	208	0.00
26	207	0.00
26	206	0.00
26	205	0.00
26	204	0.00
26	203	0.00
26	202	0.00
26	201	0.00
26	200	0.00
26	199	0.00
26	198	0.00
26	197	0.00
26	196	0.00
26	195	0.00
26	194	0.00
26	193	0.00
26	192	0.00
26	191	0.00
26	190	0.00
26	189	0.00
26	188	0.00
26	187	0.00
26	186	0.00
26	185	0.00
26	184	0.00
26	183	0.00
26	182	0.00
26	181	0.00
26	180	0.00
26	179	0.00
26	178	0.00
26	177	0.00
26	176	0.00
26	175	0.00
26	174	0.00
26	173	0.00
26	172	0.00
26	171	0.00
26	170	0.00
26	169	0.00
26	168	0.00
26	167	0.00
26	166	0.00
26	165	0.00
26	164	0.00
26	163	0.00
26	162	0.00
26	161	0.00
26	160	0.00
26	159	0.00
26	158	0.00
26	157	0.00
26	156	0.00
26	155	0.00
26	154	0.00
26	153	0.00
26	152	0.00
26	151	0.00
26	150	0.00
26	149	0.00
26	148	0.00
26	147	0.00
26	146	0.00
26	145	0.00
26	144	0.00
26	143	0.00
26	142	0.00
26	141	0.00
26	140	0.00
26	139	0.00
26	138	0.00
26	137	0.00
26	136	0.00
26	135	0.00
26	134	0.00
26	133	0.00
26	132	0.00
26	131	0.00
26	130	0.00
26	129	0.00
26	128	0.00
26	127	0.00
26	126	0.00
26	125	0.00
26	124	0.00
26	123	0.00
26	122	0.00
26	121	0.00
26	120	0.00
26	119	0.00
26	118	0.00
26	117	0.00
26	116	0.00
26	115	0.00
26	114	0.00
26	113	0.00
26	112	0.00
26	111	0.00
26	110	0.00
26	109	0.00
26	108	0.00
26	107	0.00
26	106	0.00
26	105	0.00
26	104	0.00
26	103	0.00
26	102	0.00
26	101	0.00
26	100	0.00
26	99	0.00
26	98	0.00
26	97	0.00
26	96	0.00
26	95	0.00
26	94	0.00
26	93	0.00
26	92	0.00
26	91	0.00
26	90	0.00
26	89	0.00
26	88	0.00
26	87	0.00
26	86	0.00
26	85	0.00
26	84	0.00
26	83	0.00
26	82	0.00
26	81	0.00
26	80	0.00
26	79	0.00
26	78	0.00
26	77	0.00
26	76	0.00
26	75	0.00
26	74	0.00
26	73	0.00
26	72	0.00
26	71	0.00
26	70	0.00
26	69	0.00
26	68	0.00
26	67	0.00
26	66	0.00
26	65	0.00
26	64	0.00
26	63	0.00
26	62	0.00
26	61	0.00
26	60	0.00
26	59	0.00
26	58	0.00
26	57	0.00
26	56	0.00
26	55	0.00
26	54	0.00
26	53	0.00
26	52	0.00
26	51	0.00
26	50	0.00
26	49	0.00
26	48	0.00
26	47	0.00
26	46	0.00
26	45	0.00
26	44	0.00
26	43	0.00
26	42	0.00
26	41	0.00
26	40	0.00
26	39	0.00
26	38	0.00
26	37	0.00
26	36	0.00
26	35	0.00
26	34	0.00
26	33	0.00
26	32	0.00
26	31	0.00
26	30	0.00
26	29	0.00
26	28	0.00
26	27	0.00
26	26	0.00
26	25	0.00
26	24	0.00
26	23	0.00
26	22	0.00
26	21	0.00
26	20	0.00
26	19	0.00
26	18	0.00
26	17	0.01
26	16	0.01
26	15	0.01
26	14	0.01
26	13	0.01
26	12	0.01
26	11	0.01
26	10	0.02
26	9	0.03
26	8	0.04
26	7	0.07
26	6	0.12
26	5	0.21
26	4	0.34
26	3	0.53
26	2	0.74
26	1	0.91
26	0	1.00
27	443	0.00
27	442	0.00
27	441	0.00
27	440	0.00
27	439	0.00
27	438	0.00
27	437	0.00
27	436	0.00
27	435	0.00
27	434	0.00
27	433	0.00
27	432	0.00
27	431	0.00
27	430	0.00
27	429	0.00
27	428	0.00
27	427	0.00
27	426	0.00
27	425	0.00
27	424	0.00
27	423	0.00
27	422	0.00
27	421	0.00
27	420	0.00
27	419	0.00
27	418	0.00
27	417	0.00
27	415	0.00
27	414	0.00
27	413	0.00
27	412	0.00
27	411	0.00
27	410	0.00
27	409	0.00
27	408	0.00
27	407	0.00
27	406	0.00
27	405	0.00
27	404	0.00
27	403	0.00
27	402	0.00
27	401	0.00
27	400	0.00
27	399	0.00
27	398	0.00
27	397	0.00
27	396	0.00
27	395	0.00
27	394	0.00
27	392	0.00
27	391	0.00
27	390	0.00
27	389	0.00
27	388	0.00
27	387	0.00
27	386	0.00
27	385	0.00
27	384	0.00
27	383	0.00
27	382	0.00
27	381	0.00
27	380	0.00
27	379	0.00
27	378	0.00
27	377	0.00
27	376	0.00
27	375	0.00
27	374	0.00
27	373	0.00
27	372	0.00
27	371	0.00
27	370	0.00
27	369	0.00
27	368	0.00
27	367	0.00
27	366	0.00
27	365	0.00
27	364	0.00
27	363	0.00
27	362	0.00
27	361	0.00
27	360	0.00
27	359	0.00
27	358	0.00
27	357	0.00
27	356	0.00
27	355	0.00
27	354	0.00
27	353	0.00
27	352	0.00
27	351	0.00
27	350	0.00
27	349	0.00
27	348	0.00
27	347	0.00
27	346	0.00
27	345	0.00
27	344	0.00
27	343	0.00
27	342	0.00
27	341	0.00
27	340	0.00
27	339	0.00
27	338	0.00
27	337	0.00
27	336	0.00
27	335	0.00
27	334	0.00
27	333	0.00
27	332	0.00
27	331	0.00
27	330	0.00
27	329	0.00
27	328	0.00
27	327	0.00
27	326	0.00
27	325	0.00
27	324	0.00
27	323	0.00
27	322	0.00
27	321	0.00
27	320	0.00
27	319	0.00
27	318	0.00
27	317	0.00
27	316	0.00
27	315	0.00
27	314	0.00
27	313	0.00
27	312	0.00
27	311	0.00
27	310	0.00
27	309	0.00
27	308	0.00
27	307	0.00
27	306	0.00
27	305	0.00
27	304	0.00
27	303	0.00
27	302	0.00
27	301	0.00
27	300	0.00
27	299	0.00
27	298	0.00
27	297	0.00
27	296	0.00
27	295	0.00
27	294	0.00
27	293	0.00
27	292	0.00
27	291	0.00
27	290	0.00
27	289	0.00
27	288	0.00
27	287	0.00
27	286	0.00
27	285	0.00
27	284	0.00
27	283	0.00
27	282	0.00
27	281	0.00
27	280	0.00
27	279	0.00
27	278	0.00
27	277	0.00
27	276	0.00
27	275	0.00
27	274	0.00
27	273	0.00
27	272	0.00
27	271	0.00
27	270	0.00
27	269	0.00
27	268	0.00
27	267	0.00
27	266	0.00
27	265	0.00
27	264	0.00
27	263	0.00
27	262	0.00
27	261	0.00
27	260	0.00
27	259	0.00
27	258	0.00
27	257	0.00
27	256	0.00
27	255	0.00
27	254	0.00
27	253	0.00
27	252	0.00
27	251	0.00
27	250	0.00
27	249	0.00
27	248	0.00
27	247	0.00
27	246	0.00
27	245	0.00
27	244	0.00
27	243	0.00
27	242	0.00
27	241	0.00
27	240	0.00
27	239	0.00
27	238	0.00
27	237	0.00
27	236	0.00
27	235	0.00
27	234	0.00
27	233	0.00
27	232	0.00
27	231	0.00
27	230	0.00
27	229	0.00
27	228	0.00
27	227	0.00
27	226	0.00
27	225	0.00
27	224	0.00
27	223	0.00
27	222	0.00
27	221	0.00
27	220	0.00
27	219	0.00
27	218	0.00
27	217	0.00
27	216	0.00
27	215	0.00
27	214	0.00
27	213	0.00
27	212	0.00
27	211	0.00
27	210	0.00
27	209	0.00
27	208	0.00
27	207	0.00
27	206	0.00
27	205	0.00
27	204	0.00
27	203	0.00
27	202	0.00
27	201	0.00
27	200	0.00
27	199	0.00
27	198	0.00
27	197	0.00
27	196	0.00
27	195	0.00
27	194	0.00
27	193	0.00
27	192	0.00
27	191	0.00
27	190	0.00
27	189	0.00
27	188	0.00
27	187	0.00
27	186	0.00
27	185	0.00
27	184	0.00
27	183	0.00
27	182	0.00
27	181	0.00
27	180	0.00
27	179	0.00
27	178	0.00
27	177	0.00
27	176	0.00
27	175	0.00
27	174	0.00
27	173	0.00
27	172	0.00
27	171	0.00
27	170	0.00
27	169	0.00
27	168	0.00
27	167	0.00
27	166	0.00
27	165	0.00
27	164	0.00
27	163	0.00
27	162	0.00
27	161	0.00
27	160	0.00
27	159	0.00
27	158	0.00
27	157	0.00
27	156	0.00
27	155	0.00
27	154	0.00
27	153	0.00
27	152	0.00
27	151	0.00
27	150	0.00
27	149	0.00
27	148	0.00
27	147	0.00
27	146	0.00
27	145	0.00
27	144	0.00
27	143	0.00
27	142	0.00
27	141	0.00
27	140	0.00
27	139	0.00
27	138	0.00
27	137	0.00
27	136	0.00
27	135	0.00
27	134	0.00
27	133	0.00
27	132	0.00
27	131	0.00
27	130	0.00
27	129	0.00
27	128	0.00
27	127	0.00
27	126	0.00
27	125	0.00
27	124	0.00
27	123	0.00
27	122	0.00
27	121	0.00
27	120	0.00
27	119	0.00
27	118	0.00
27	117	0.00
27	116	0.00
27	115	0.00
27	114	0.00
27	113	0.00
27	112	0.00
27	111	0.00
27	110	0.00
27	109	0.00
27	108	0.00
27	107	0.00
27	106	0.00
27	105	0.00
27	104	0.00
27	103	0.00
27	102	0.00
27	101	0.00
27	100	0.00
27	99	0.00
27	98	0.00
27	97	0.00
27	96	0.00
27	95	0.00
27	94	0.00
27	93	0.00
27	92	0.00
27	91	0.00
27	90	0.00
27	89	0.00
27	88	0.00
27	87	0.00
27	86	0.00
27	85	0.00
27	84	0.00
27	83	0.00
27	82	0.00
27	81	0.00
27	80	0.00
27	79	0.00
27	78	0.00
27	77	0.00
27	76	0.00
27	75	0.00
27	74	0.00
27	73	0.00
27	72	0.00
27	71	0.00
27	70	0.00
27	69	0.00
27	68	0.00
27	67	0.00
27	66	0.00
27	65	0.00
27	64	0.00
27	63	0.00
27	62	0.00
27	61	0.00
27	60	0.00
27	59	0.00
27	58	0.00
27	57	0.00
27	56	0.00
27	55	0.00
27	54	0.00
27	53	0.00
27	52	0.00
27	51	0.00
27	50	0.00
27	49	0.00
27	48	0.00
27	47	0.00
27	46	0.00
27	45	0.00
27	44	0.00
27	43	0.00
27	42	0.00
27	41	0.00
27	40	0.00
27	39	0.00
27	38	0.00
27	37	0.00
27	36	0.00
27	35	0.00
27	34	0.00
27	33	0.00
27	32	0.00
27	31	0.00
27	30	0.00
27	29	0.00
27	28	0.00
27	27	0.00
27	26	0.00
27	25	0.00
27	24	0.00
27	23	0.00
27	22	0.00
27	21	0.00
27	20	0.00
27	19	0.00
27	18	0.00
27	17	0.00
27	16	0.01
27	15	0.01
27	14	0.01
27	13	0.01
27	12	0.01
27	11	0.01
27	10	0.02
27	9	0.03
27	8	0.04
27	7	0.07
27	6	0.11
27	5	0.20
27	4	0.33
27	3	0.51
27	2	0.72
27	1	0.88
27	0	1.00
W	38	0.00
W	37	0.00
W	36	0.00
W	35	0.00
W	34	0.00
W	33	0.00
W	32	0.00
W	31	0.00
W	30	0.00
W	29	0.00
W	28	0.00
W	27	0.00
W	26	0.00
W	25	0.00
W	24	0.00
W	23	0.00
W	22	0.00
W	21	0.00
W	20	0.00
W	19	0.00
W	18	0.00
W	17	0.00
W	16	0.00
W	15	0.00
W	14	0.01
W	13	0.01
W	12	0.01
W	11	0.01
W	10	0.01
W	9	0.01
W	8	0.02
W	7	0.02
W	6	0.03
W	5	0.04
W	4	0.06
W	3	0.09
W	2	0.13
W	1	0.24
W	0	1.00
NW_024396987.1	16	0.00
NW_024396987.1	15	0.00
NW_024396987.1	14	0.00
NW_024396987.1	13	0.00
NW_024396987.1	12	0.00
NW_024396987.1	11	0.00
NW_024396987.1	10	0.00
NW_024396987.1	9	0.01
NW_024396987.1	8	0.01
NW_024396987.1	7	0.02
NW_024396987.1	6	0.03
NW_024396987.1	5	0.04
NW_024396987.1	4	0.06
NW_024396987.1	3	0.09
NW_024396987.1	2	0.14
NW_024396987.1	1	0.25
NW_024396987.1	0	1.00
NW_024396988.1	17	0.00
NW_024396988.1	16	0.00
NW_024396988.1	15	0.00
NW_024396988.1	14	0.00
NW_024396988.1	13	0.00
NW_024396988.1	12	0.00
NW_024396988.1	11	0.00
NW_024396988.1	10	0.00
NW_024396988.1	9	0.01
NW_024396988.1	8	0.01
NW_024396988.1	7	0.02
NW_024396988.1	6	0.02
NW_024396988.1	5	0.04
NW_024396988.1	4	0.05
NW_024396988.1	3	0.08
NW_024396988.1	2	0.12
NW_024396988.1	1	0.20
NW_024396988.1	0	1.00
NW_024396989.1	17	0.00
NW_024396989.1	16	0.00
NW_024396989.1	15	0.00
NW_024396989.1	14	0.00
NW_024396989.1	13	0.00
NW_024396989.1	12	0.00
NW_024396989.1	11	0.00
NW_024396989.1	10	0.00
NW_024396989.1	9	0.01
NW_024396989.1	8	0.01
NW_024396989.1	7	0.02
NW_024396989.1	6	0.02
NW_024396989.1	5	0.04
NW_024396989.1	4	0.05
NW_024396989.1	3	0.08
NW_024396989.1	2	0.11
NW_024396989.1	1	0.19
NW_024396989.1	0	1.00
NW_024396990.1	15	0.00
NW_024396990.1	14	0.00
NW_024396990.1	13	0.00
NW_024396990.1	12	0.00
NW_024396990.1	11	0.00
NW_024396990.1	10	0.01
NW_024396990.1	9	0.01
NW_024396990.1	8	0.02
NW_024396990.1	7	0.02
NW_024396990.1	6	0.03
NW_024396990.1	5	0.04
NW_024396990.1	4	0.06
NW_024396990.1	3	0.08
NW_024396990.1	2	0.10
NW_024396990.1	1	0.17
NW_024396990.1	0	1.00
NW_024396991.1	13	0.00
NW_024396991.1	12	0.00
NW_024396991.1	11	0.00
NW_024396991.1	10	0.00
NW_024396991.1	9	0.01
NW_024396991.1	8	0.02
NW_024396991.1	7	0.03
NW_024396991.1	6	0.04
NW_024396991.1	5	0.06
NW_024396991.1	4	0.08
NW_024396991.1	3	0.12
NW_024396991.1	2	0.18
NW_024396991.1	1	0.28
NW_024396991.1	0	1.00
NW_024396992.1	17	0.00
NW_024396992.1	16	0.00
NW_024396992.1	15	0.00
NW_024396992.1	14	0.00
NW_024396992.1	13	0.00
NW_024396992.1	12	0.00
NW_024396992.1	11	0.00
NW_024396992.1	10	0.00
NW_024396992.1	9	0.01
NW_024396992.1	8	0.01
NW_024396992.1	7	0.01
NW_024396992.1	6	0.02
NW_024396992.1	5	0.03
NW_024396992.1	4	0.05
NW_024396992.1	3	0.08
NW_024396992.1	2	0.12
NW_024396992.1	1	0.20
NW_024396992.1	0	1.00
NW_024396993.1	14	0.00
NW_024396993.1	13	0.00
NW_024396993.1	12	0.00
NW_024396993.1	11	0.00
NW_024396993.1	10	0.00
NW_024396993.1	9	0.01
NW_024396993.1	8	0.01
NW_024396993.1	7	0.02
NW_024396993.1	6	0.03
NW_024396993.1	5	0.05
NW_024396993.1	4	0.06
NW_024396993.1	3	0.08
NW_024396993.1	2	0.11
NW_024396993.1	1	0.15
NW_024396993.1	0	1.00
NW_024396994.1	1	0.02
NW_024396994.1	0	1.00
Z	30	0.00
Z	29	0.00
Z	28	0.00
Z	27	0.00
Z	26	0.00
Z	25	0.00
Z	24	0.00
Z	23	0.00
Z	22	0.00
Z	21	0.00
Z	20	0.00
Z	19	0.00
Z	18	0.00
Z	17	0.00
Z	16	0.00
Z	15	0.00
Z	14	0.00
Z	13	0.00
Z	12	0.00
Z	11	0.00
Z	10	0.01
Z	9	0.01
Z	8	0.02
Z	7	0.05
Z	6	0.10
Z	5	0.19
Z	4	0.34
Z	3	0.55
Z	2	0.77
Z	1	0.93
Z	0	1.00
NW_024396995.1	24	0.00
NW_024396995.1	23	0.00
NW_024396995.1	22	0.00
NW_024396995.1	21	0.00
NW_024396995.1	20	0.00
NW_024396995.1	19	0.00
NW_024396995.1	18	0.00
NW_024396995.1	17	0.00
NW_024396995.1	16	0.00
NW_024396995.1	15	0.01
NW_024396995.1	14	0.01
NW_024396995.1	13	0.01
NW_024396995.1	12	0.01
NW_024396995.1	11	0.01
NW_024396995.1	10	0.01
NW_024396995.1	9	0.02
NW_024396995.1	8	0.04
NW_024396995.1	7	0.08
NW_024396995.1	6	0.15
NW_024396995.1	5	0.25
NW_024396995.1	4	0.39
NW_024396995.1	3	0.57
NW_024396995.1	2	0.75
NW_024396995.1	1	0.91
NW_024396995.1	0	1.00
NW_024396996.1	58	0.00
NW_024396996.1	57	0.00
NW_024396996.1	56	0.00
NW_024396996.1	55	0.00
NW_024396996.1	54	0.00
NW_024396996.1	53	0.00
NW_024396996.1	52	0.00
NW_024396996.1	51	0.00
NW_024396996.1	50	0.00
NW_024396996.1	49	0.00
NW_024396996.1	48	0.00
NW_024396996.1	47	0.00
NW_024396996.1	46	0.00
NW_024396996.1	45	0.00
NW_024396996.1	44	0.00
NW_024396996.1	43	0.00
NW_024396996.1	42	0.00
NW_024396996.1	41	0.00
NW_024396996.1	40	0.00
NW_024396996.1	39	0.00
NW_024396996.1	38	0.00
NW_024396996.1	37	0.00
NW_024396996.1	36	0.00
NW_024396996.1	35	0.00
NW_024396996.1	34	0.00
NW_024396996.1	33	0.00
NW_024396996.1	32	0.01
NW_024396996.1	31	0.01
NW_024396996.1	30	0.01
NW_024396996.1	29	0.01
NW_024396996.1	28	0.01
NW_024396996.1	27	0.01
NW_024396996.1	26	0.01
NW_024396996.1	25	0.01
NW_024396996.1	24	0.01
NW_024396996.1	23	0.01
NW_024396996.1	22	0.01
NW_024396996.1	21	0.01
NW_024396996.1	20	0.01
NW_024396996.1	19	0.01
NW_024396996.1	18	0.02
NW_024396996.1	17	0.02
NW_024396996.1	16	0.02
NW_024396996.1	15	0.02
NW_024396996.1	14	0.02
NW_024396996.1	13	0.02
NW_024396996.1	12	0.02
NW_024396996.1	11	0.02
NW_024396996.1	10	0.02
NW_024396996.1	9	0.03
NW_024396996.1	8	0.03
NW_024396996.1	7	0.03
NW_024396996.1	6	0.04
NW_024396996.1	5	0.05
NW_024396996.1	4	0.06
NW_024396996.1	3	0.09
NW_024396996.1	2	0.15
NW_024396996.1	1	0.39
NW_024396996.1	0	1.00
NW_024396997.1	10	0.00
NW_024396997.1	9	0.00
NW_024396997.1	8	0.00
NW_024396997.1	7	0.00
NW_024396997.1	6	0.00
NW_024396997.1	5	0.00
NW_024396997.1	4	0.01
NW_024396997.1	3	0.02
NW_024396997.1	2	0.08
NW_024396997.1	1	0.31
NW_024396997.1	0	1.00
NW_024396998.1	38	0.00
NW_024396998.1	37	0.00
NW_024396998.1	36	0.00
NW_024396998.1	35	0.00
NW_024396998.1	34	0.00
NW_024396998.1	33	0.00
NW_024396998.1	32	0.00
NW_024396998.1	31	0.00
NW_024396998.1	30	0.00
NW_024396998.1	29	0.00
NW_024396998.1	28	0.00
NW_024396998.1	27	0.00
NW_024396998.1	26	0.00
NW_024396998.1	25	0.00
NW_024396998.1	24	0.00
NW_024396998.1	23	0.00
NW_024396998.1	22	0.00
NW_024396998.1	21	0.00
NW_024396998.1	20	0.00
NW_024396998.1	19	0.00
NW_024396998.1	18	0.00
NW_024396998.1	17	0.00
NW_024396998.1	16	0.00
NW_024396998.1	15	0.00
NW_024396998.1	14	0.00
NW_024396998.1	13	0.00
NW_024396998.1	12	0.01
NW_024396998.1	11	0.01
NW_024396998.1	10	0.01
NW_024396998.1	9	0.01
NW_024396998.1	8	0.01
NW_024396998.1	7	0.02
NW_024396998.1	6	0.04
NW_024396998.1	5	0.06
NW_024396998.1	4	0.11
NW_024396998.1	3	0.20
NW_024396998.1	2	0.36
NW_024396998.1	1	0.61
NW_024396998.1	0	1.00
NW_024396999.1	11	0.00
NW_024396999.1	10	0.00
NW_024396999.1	9	0.00
NW_024396999.1	8	0.01
NW_024396999.1	7	0.01
NW_024396999.1	6	0.02
NW_024396999.1	5	0.03
NW_024396999.1	4	0.04
NW_024396999.1	3	0.06
NW_024396999.1	2	0.14
NW_024396999.1	1	0.32
NW_024396999.1	0	1.00
NW_024397000.1	12	0.00
NW_024397000.1	11	0.00
NW_024397000.1	10	0.00
NW_024397000.1	9	0.00
NW_024397000.1	8	0.00
NW_024397000.1	7	0.00
NW_024397000.1	6	0.00
NW_024397000.1	5	0.00
NW_024397000.1	4	0.01
NW_024397000.1	3	0.03
NW_024397000.1	2	0.09
NW_024397000.1	1	0.33
NW_024397000.1	0	1.00
NW_024397001.1	5	0.00
NW_024397001.1	4	0.01
NW_024397001.1	3	0.03
NW_024397001.1	2	0.09
NW_024397001.1	1	0.31
NW_024397001.1	0	1.00
NW_024397002.1	9	0.00
NW_024397002.1	8	0.00
NW_024397002.1	7	0.00
NW_024397002.1	6	0.00
NW_024397002.1	5	0.01
NW_024397002.1	4	0.03
NW_024397002.1	3	0.07
NW_024397002.1	2	0.20
NW_024397002.1	1	0.46
NW_024397002.1	0	1.00
NW_024397003.1	8	0.00
NW_024397003.1	7	0.00
NW_024397003.1	6	0.00
NW_024397003.1	5	0.01
NW_024397003.1	4	0.01
NW_024397003.1	3	0.03
NW_024397003.1	2	0.08
NW_024397003.1	1	0.29
NW_024397003.1	0	1.00
NW_024397004.1	169	0.00
NW_024397004.1	168	0.00
NW_024397004.1	167	0.00
NW_024397004.1	166	0.00
NW_024397004.1	165	0.00
NW_024397004.1	164	0.00
NW_024397004.1	163	0.00
NW_024397004.1	162	0.00
NW_024397004.1	161	0.00
NW_024397004.1	160	0.00
NW_024397004.1	159	0.00
NW_024397004.1	158	0.00
NW_024397004.1	157	0.00
NW_024397004.1	156	0.00
NW_024397004.1	155	0.00
NW_024397004.1	154	0.00
NW_024397004.1	153	0.00
NW_024397004.1	152	0.00
NW_024397004.1	151	0.00
NW_024397004.1	150	0.00
NW_024397004.1	149	0.00
NW_024397004.1	148	0.00
NW_024397004.1	147	0.00
NW_024397004.1	146	0.00
NW_024397004.1	145	0.00
NW_024397004.1	144	0.00
NW_024397004.1	143	0.00
NW_024397004.1	142	0.00
NW_024397004.1	141	0.00
NW_024397004.1	140	0.00
NW_024397004.1	139	0.00
NW_024397004.1	138	0.00
NW_024397004.1	137	0.00
NW_024397004.1	136	0.00
NW_024397004.1	135	0.00
NW_024397004.1	134	0.00
NW_024397004.1	133	0.00
NW_024397004.1	132	0.00
NW_024397004.1	131	0.00
NW_024397004.1	130	0.00
NW_024397004.1	129	0.00
NW_024397004.1	128	0.00
NW_024397004.1	127	0.00
NW_024397004.1	126	0.00
NW_024397004.1	125	0.00
NW_024397004.1	124	0.00
NW_024397004.1	123	0.00
NW_024397004.1	122	0.00
NW_024397004.1	121	0.00
NW_024397004.1	120	0.00
NW_024397004.1	119	0.00
NW_024397004.1	118	0.00
NW_024397004.1	117	0.00
NW_024397004.1	116	0.00
NW_024397004.1	115	0.00
NW_024397004.1	114	0.00
NW_024397004.1	113	0.00
NW_024397004.1	112	0.00
NW_024397004.1	111	0.00
NW_024397004.1	110	0.00
NW_024397004.1	109	0.00
NW_024397004.1	108	0.00
NW_024397004.1	107	0.00
NW_024397004.1	106	0.00
NW_024397004.1	105	0.00
NW_024397004.1	104	0.00
NW_024397004.1	103	0.00
NW_024397004.1	102	0.00
NW_024397004.1	101	0.00
NW_024397004.1	100	0.00
NW_024397004.1	99	0.00
NW_024397004.1	98	0.00
NW_024397004.1	97	0.00
NW_024397004.1	96	0.00
NW_024397004.1	95	0.00
NW_024397004.1	94	0.00
NW_024397004.1	93	0.00
NW_024397004.1	92	0.00
NW_024397004.1	91	0.00
NW_024397004.1	90	0.00
NW_024397004.1	89	0.00
NW_024397004.1	88	0.00
NW_024397004.1	87	0.00
NW_024397004.1	86	0.00
NW_024397004.1	85	0.00
NW_024397004.1	84	0.00
NW_024397004.1	83	0.00
NW_024397004.1	82	0.00
NW_024397004.1	81	0.00
NW_024397004.1	80	0.00
NW_024397004.1	79	0.00
NW_024397004.1	78	0.00
NW_024397004.1	77	0.00
NW_024397004.1	76	0.00
NW_024397004.1	75	0.00
NW_024397004.1	74	0.00
NW_024397004.1	73	0.00
NW_024397004.1	72	0.00
NW_024397004.1	71	0.00
NW_024397004.1	70	0.00
NW_024397004.1	69	0.00
NW_024397004.1	68	0.00
NW_024397004.1	67	0.00
NW_024397004.1	66	0.00
NW_024397004.1	65	0.00
NW_024397004.1	64	0.00
NW_024397004.1	63	0.00
NW_024397004.1	62	0.00
NW_024397004.1	61	0.00
NW_024397004.1	60	0.00
NW_024397004.1	59	0.00
NW_024397004.1	58	0.00
NW_024397004.1	57	0.00
NW_024397004.1	56	0.00
NW_024397004.1	55	0.00
NW_024397004.1	54	0.00
NW_024397004.1	53	0.00
NW_024397004.1	52	0.00
NW_024397004.1	51	0.00
NW_024397004.1	50	0.00
NW_024397004.1	49	0.00
NW_024397004.1	48	0.00
NW_024397004.1	47	0.00
NW_024397004.1	46	0.00
NW_024397004.1	45	0.00
NW_024397004.1	44	0.00
NW_024397004.1	43	0.00
NW_024397004.1	42	0.00
NW_024397004.1	41	0.00
NW_024397004.1	40	0.00
NW_024397004.1	39	0.00
NW_024397004.1	38	0.01
NW_024397004.1	37	0.01
NW_024397004.1	36	0.01
NW_024397004.1	35	0.01
NW_024397004.1	34	0.01
NW_024397004.1	33	0.01
NW_024397004.1	32	0.01
NW_024397004.1	31	0.01
NW_024397004.1	30	0.01
NW_024397004.1	29	0.01
NW_024397004.1	28	0.01
NW_024397004.1	27	0.01
NW_024397004.1	26	0.01
NW_024397004.1	25	0.01
NW_024397004.1	24	0.01
NW_024397004.1	23	0.01
NW_024397004.1	22	0.01
NW_024397004.1	21	0.01
NW_024397004.1	20	0.01
NW_024397004.1	19	0.02
NW_024397004.1	18	0.02
NW_024397004.1	17	0.02
NW_024397004.1	16	0.02
NW_024397004.1	15	0.02
NW_024397004.1	14	0.02
NW_024397004.1	13	0.02
NW_024397004.1	12	0.02
NW_024397004.1	11	0.03
NW_024397004.1	10	0.03
NW_024397004.1	9	0.03
NW_024397004.1	8	0.04
NW_024397004.1	7	0.04
NW_024397004.1	6	0.05
NW_024397004.1	5	0.06
NW_024397004.1	4	0.08
NW_024397004.1	3	0.13
NW_024397004.1	2	0.22
NW_024397004.1	1	0.44
NW_024397004.1	0	1.00
NW_024397005.1	4	0.00
NW_024397005.1	3	0.03
NW_024397005.1	2	0.12
NW_024397005.1	1	0.33
NW_024397005.1	0	1.00
NW_024397006.1	10	0.00
NW_024397006.1	9	0.00
NW_024397006.1	8	0.01
NW_024397006.1	7	0.02
NW_024397006.1	6	0.04
NW_024397006.1	5	0.08
NW_024397006.1	4	0.16
NW_024397006.1	3	0.30
NW_024397006.1	2	0.51
NW_024397006.1	1	0.77
NW_024397006.1	0	1.00
NW_024397007.1	8	0.00
NW_024397007.1	7	0.00
NW_024397007.1	6	0.00
NW_024397007.1	5	0.00
NW_024397007.1	4	0.01
NW_024397007.1	3	0.03
NW_024397007.1	2	0.08
NW_024397007.1	1	0.33
NW_024397007.1	0	1.00
NW_024397008.1	8	0.00
NW_024397008.1	7	0.00
NW_024397008.1	6	0.00
NW_024397008.1	5	0.00
NW_024397008.1	4	0.01
NW_024397008.1	3	0.05
NW_024397008.1	2	0.12
NW_024397008.1	1	0.40
NW_024397008.1	0	1.00
NW_024397009.1	10	0.00
NW_024397009.1	9	0.00
NW_024397009.1	8	0.01
NW_024397009.1	7	0.02
NW_024397009.1	6	0.03
NW_024397009.1	5	0.05
NW_024397009.1	4	0.08
NW_024397009.1	3	0.12
NW_024397009.1	2	0.19
NW_024397009.1	1	0.26
NW_024397009.1	0	1.00
NW_024397010.1	6	0.00
NW_024397010.1	5	0.00
NW_024397010.1	4	0.01
NW_024397010.1	3	0.02
NW_024397010.1	2	0.06
NW_024397010.1	1	0.12
NW_024397010.1	0	1.00
NW_024397011.1	1	0.02
NW_024397011.1	0	1.00
NW_024397012.1	10	0.00
NW_024397012.1	9	0.00
NW_024397012.1	8	0.00
NW_024397012.1	7	0.00
NW_024397012.1	6	0.00
NW_024397012.1	5	0.01
NW_024397012.1	4	0.03
NW_024397012.1	3	0.07
NW_024397012.1	2	0.20
NW_024397012.1	1	0.49
NW_024397012.1	0	1.00
NW_024397013.1	2	0.01
NW_024397013.1	1	0.03
NW_024397013.1	0	1.00
NW_024397014.1	18	0.00
NW_024397014.1	17	0.00
NW_024397014.1	16	0.01
NW_024397014.1	15	0.01
NW_024397014.1	14	0.01
NW_024397014.1	13	0.02
NW_024397014.1	12	0.04
NW_024397014.1	11	0.07
NW_024397014.1	10	0.11
NW_024397014.1	9	0.18
NW_024397014.1	8	0.24
NW_024397014.1	7	0.32
NW_024397014.1	6	0.42
NW_024397014.1	5	0.52
NW_024397014.1	4	0.64
NW_024397014.1	3	0.76
NW_024397014.1	2	0.86
NW_024397014.1	1	0.95
NW_024397014.1	0	1.00
NW_024397015.1	6	0.01
NW_024397015.1	5	0.02
NW_024397015.1	4	0.05
NW_024397015.1	3	0.08
NW_024397015.1	2	0.15
NW_024397015.1	1	0.29
NW_024397015.1	0	1.00
total	94	0.00
total	93	0.00
total	92	0.00
total	91	0.00
total	90	0.00
total	89	0.00
total	88	0.00
total	87	0.00
total	86	0.00
total	85	0.00
total	84	0.00
total	83	0.00
total	82	0.00
total	81	0.00
total	80	0.00
total	79	0.00
total	78	0.00
total	77	0.00
total	76	0.00
total	75	0.00
total	74	0.00
total	73	0.00
total	72	0.00
total	71	0.00
total	70	0.00
total	69	0.00
total	68	0.00
total	67	0.00
total	66	0.00
total	65	0.00
total	64	0.00
total	63	0.00
total	62	0.00
total	61	0.00
total	60	0.00
total	59	0.00
total	58	0.00
total	57	0.00
total	56	0.00
total	55	0.00
total	54	0.00
total	53	0.00
total	52	0.00
total	51	0.00
total	50	0.00
total	49	0.00
total	48	0.00
total	47	0.00
total	46	0.00
total	45	0.00
total	44	0.00
total	43	0.00
total	42	0.00
total	41	0.00
total	40	0.00
total	39	0.00
total	38	0.00
total	37	0.00
total	36	0.00
total	35	0.00
total	34	0.00
total	33	0.00
total	32	0.00
total	31	0.00
total	30	0.00
total	29	0.00
total	28	0.00
total	27	0.00
total	26	0.00
total	25	0.00
total	24	0.00
total	23	0.00
total	22	0.00
total	21	0.00
total	20	0.00
total	19	0.00
total	18	0.00
total	17	0.00
total	16	0.00
total	15	0.00
total	14	0.00
total	13	0.00
total	12	0.00
total	11	0.00
total	10	0.01
total	9	0.01
total	8	0.02
total	7	0.05
total	6	0.09
total	5	0.18
total	4	0.33
total	3	0.53
total	2	0.74
total	1	0.91
total	0	1.00
