1	21295481	3218908	4599
NW_024396975.1	388293	29538	21
NW_024396976.1	23224	1042	3
NW_024396977.1	213546	6853	4
NW_024396978.1	91398	5192	2
NW_024396979.1	80962	3539	1
NW_024396980.1	66562	1453	1
NW_024396981.1	46539	1608	0
NW_024396982.1	40329	2184	1
NW_024396983.1	33728	1027	0
NW_024396984.1	28623	1279	0
2	22235516	3354412	4347
3	21656862	3345867	7789
4	21559079	3211394	3824
5	20978392	3167536	4485
6	20779476	3198742	5548
7	20310676	3030071	4736
NW_024396985.1	154489	55013	37
NW_024396986.1	123767	6424	1
8	20387885	3077209	3902
9	19838782	3025933	6043
10	19543518	2968445	7626
11	19417568	2893529	4134
12	19375358	2882420	3304
13	18562731	2784645	7540
14	18514894	2791806	4494
15	18474722	2811064	7895
16	18405481	2803368	4306
17	17724597	2615499	5948
18	17526884	2652283	4734
19	17516122	2671031	4085
20	17491101	2579867	3962
21	17150347	2452740	4435
22	15154462	2241197	4403
23	13181978	1976196	5629
24	13052829	1924411	3477
25	11599638	1663166	3136
26	9871873	1496257	2530
27	8980196	1251082	2861
W	2084383	710847	442
NW_024396987.1	1336113	369662	222
NW_024396988.1	721200	223691	76
NW_024396989.1	702408	145048	59
NW_024396990.1	436298	108638	66
NW_024396991.1	291364	103548	50
NW_024396992.1	183897	31015	5
NW_024396993.1	90180	19675	9
NW_024396994.1	58461	12733	4
Z	27171456	2255890	3666
NW_024396995.1	62500	5645	11
NW_024396996.1	298258	8142	8
NW_024396997.1	273553	2578	4
NW_024396998.1	156241	5756	0
NW_024396999.1	99202	2052	2
NW_024397000.1	94916	1199	2
NW_024397001.1	88807	848	0
NW_024397002.1	64072	1907	3
NW_024397003.1	61578	627	4
NW_024397004.1	58052	2212	5
NW_024397005.1	54715	524	2
NW_024397006.1	47058	3343	3
NW_024397007.1	43016	425	1
NW_024397008.1	36087	428	0
NW_024397009.1	35142	8859	8
NW_024397010.1	34603	6954	1
NW_024397011.1	27521	6112	1
NW_024397012.1	26419	563	0
NW_024397013.1	25606	5382	2
NW_024397014.1	15516	2676	1
NW_024397015.1	14473	3741	0
*	0	0	1125344
